0.0060533
0.0054953
0.0049116
0.0042211
0.0035633
0.003502
0.0042235
0.0057131
0.0072825
0.008415
0.0087667
0.0086941
0.0084693
0.0083855
0.0081879
0.0077675
0.0071116
0.006884
0.0073765
0.0083051
0.0086298
0.0080792
0.0070945
0.0064561
0.0059055
0.0049005
0.0031366
0.0013584
0.00022014
0
0.00019511
0.00066837
0.0015128
0.0030116
0.0045478
0.0053991
0.0052248
0.0047336
0.0043936
0.0042935
0.0039956
0.0035049
0.002858
0.0024662
0.0024545
0.0027901
0.0028385
0.0025361
0.0023544
0.0031195
0.0046668
0.0064181
0.0076553
0.0083728
0.008713
0.0091416
0.0095568
0.0096699
0.0091259
0.008487
0.0082352
0.0083982
0.0082818
0.0078476
0.007386
0.0072128
0.0067598
0.0056358
0.0039773
0.00286
0.002834
0.0035959
0.0039677
0.0035795
0.0028931
0.0029
0.0036308
0.0044994
0.0046579
0.0043033
0.0041625
0.0049863
0.0063532
0.0076039
0.0083487
0.0090006
0.009616
0.010139
0.010406
0.010755
0.011162
0.011439
0.011045
0.0099916
0.0086455
0.0078956
0.0080633
0.0089834
0.010124
0.011665
0.013908
0.016883
0.019932
0.022647
0.024966
0.027114
0.029139
0.031238
0.033661
0.036615
0.039957
0.043622
0.048104
0.054578
0.064073
0.07666
0.091718
0.10922
0.13046
0.15725
0.19076
0.23147
0.27993
0.33689
0.40218
0.47351
0.54668
0.61683
0.67985
0.73299
0.77458
0.80388
0.82136
0.82912
0.83032
0.82811
0.82457
0.82058
0.81612
0.81092
0.80494
0.79828
0.79093
0.78272
0.77385
0.76476
0.75587
0.74729
0.73909
0.731
0.72273
0.71436
0.70666
0.69998
0.69378
0.68723
0.68055
0.67455
0.66972
0.66541
0.6607
0.65492
0.64854
0.64246
0.63727
0.6324
0.62732
0.62242
0.61889
0.61697
0.61585
0.61451
0.61288
0.6115
0.61076
0.61019
0.60913
0.60741
0.60579
0.60468
0.60375
0.60238
0.60091
0.59995
0.59963
0.59951
0.59969
0.60042
0.60158
0.60257
0.60322
0.60355
0.60356
0.60332
0.60327
0.60344
0.6034
0.60294
0.60285
0.60365
0.6049
0.60576
0.6061
0.60605
0.60573
0.60525
0.60507
0.60519
0.60532
0.60548
0.6064
0.60841
0.6111
0.61361
0.61552
0.61686
0.61813
0.61965
0.62143
0.62307
0.62464
0.62649
0.6288
0.63128
0.63388
0.63664
0.63964
0.64267
0.6458
0.64898
0.65212
0.65497
0.65769
0.66042
0.6633
0.66618
0.66874
0.67046
0.67147
0.67243
0.67391
0.6755
0.67677
0.67796
0.68004
0.68346
0.68788
0.69224
0.69584
0.6988
0.70217
0.70636
0.71084
0.71465
0.71791
0.72129
0.72548
0.73036
0.73543
0.74002
0.74433
0.74887
0.75397
0.75899
0.76344
0.76738
0.77146
0.77581
0.78062
0.78587
0.79173
0.79802
0.80476
0.81154
0.81808
0.82425
0.83065
0.8373
0.84393
0.85035
0.8574
0.86532
0.87339
0.88052
0.88694
0.89312
0.89916
0.9046
0.90963
0.91436
0.91878
0.92277
0.92713
0.93219
0.93754
0.9423
0.94662
0.95063
0.95426
0.95723
0.96018
0.96333
0.96638
0.96868
0.97055
0.97224
0.97383
0.97505
0.97625
0.97727
0.97799
0.97857
0.98016
0.98301
0.9865
0.9894
0.99153
0.99316
0.99489
0.99668
0.99833
0.99923
0.99953
0.99957
0.99986
1
0.99979
0.99914
0.99867
0.99855
0.99898
0.99947
0.99972
0.99941
0.99888
0.99821
0.99752
0.99658
0.99564
0.99467
0.99394
0.99359
0.99399
0.99479
0.99571
0.99634
0.99695
0.99746
0.99785
0.99752
0.99627
0.99405
0.99166
0.98961
0.98815
0.98691
0.98612
0.98594
0.98649
0.98713
0.98747
0.9872
0.98667
0.98599
0.98541
0.98443
0.98289
0.98102
0.97981
0.9792
0.97832
0.97628
0.97385
0.97191
0.97064
0.96919
0.96764
0.96629
0.96535
0.96435
0.96346
0.96293
0.96294
0.96301
0.96297
0.96241
0.96142
0.96018
0.95929
0.95834
0.95681
0.95478
0.95351
0.95329
0.95334
0.95257
0.95141
0.95059
0.95041
0.95018
0.94954
0.94832
0.94695
0.94576
0.94516
0.94448
0.94279
0.93971
0.93655
0.9345
0.93368
0.93288
0.93165
0.9302
0.92921
0.92864
0.92829
0.92748
0.92603
0.92406
0.92236
0.921
0.91987
0.91876
0.91805
0.91739
0.91618
0.914
0.91158
0.90934
0.90719
0.90457
0.90185
0.89968
0.89863
0.89823
0.89791
0.89701
0.89565
0.89397
0.89226
0.89034
0.88843
0.88677
0.88573
0.88499
0.88426
0.88333
0.88267
0.88249
0.88284
0.88307
0.88273
0.88162
0.8803
0.87895
0.87737
0.87484
0.87144
0.86776
0.86468
0.86223
0.86003
0.85745
0.85466
0.85218
0.85059
0.84946
0.8483
0.84704
0.84649
0.84683
0.84749
0.84733
0.8463
0.84502
0.84438
0.84419
0.84375
0.84235
0.84024
0.83777
0.83516
0.83203
0.82848
0.82487
0.82189
0.81966
0.81816
0.81691
0.81568
0.81426
0.81298
0.81185
0.81066
0.80896
0.80699
0.80516
0.80383
0.80257
0.80082
0.79811
0.7949
0.79185
0.78945
0.78725
0.78491
0.78252
0.78067
0.77922
0.77772
0.77566
0.77345
0.77154
0.7701
0.76853
0.76646
0.76391
0.76155
0.75977
0.75871
0.75787
0.75669
0.7547
0.75232
0.75008
0.74811
0.74571
0.74253
0.73889
0.73586
0.73413
0.73359
0.73308
0.73155
0.72888
0.72604
0.72355
0.72118
0.71832
0.71503
0.71172
0.7089
0.70646
0.70412
0.70143
0.69848
0.69544
0.69245
0.68933
0.68629
0.68358
0.68129
0.67895
0.67635
0.67361
0.67131
0.6696
0.66819
0.66628
0.66342
0.65982
0.65629
0.65311
0.65012
0.64688
0.6434
0.6398
0.63634
0.63304
0.62979
0.62615
0.62208
0.61786
0.61401
0.6106
0.60742
0.60418
0.60098
0.59807
0.59559
0.59319
0.59059
0.58791
0.58573
0.58398
0.58193
0.579
0.57566
0.57276
0.57052
0.56827
0.5654
0.56185
0.55804
0.55416
0.55025
0.54615
0.54187
0.53757
0.53346
0.52938
0.52503
0.52028
0.51535
0.5103
0.50511
0.50013
0.49612
0.49332
0.49108
0.48852
0.48555
0.48257
0.47958
0.47589
0.47098
0.46515
0.45936
0.45438
0.45019
0.44601
0.44126
0.43631
0.43203
0.42875
0.42586
0.4227
0.41919
0.41558
0.41175
0.4074
0.40256
0.3976
0.39272
0.38794
0.38327
0.37904
0.37562
0.37303
0.37062
0.36747
0.3631
0.35794
0.35276
0.34785
0.34281
0.3373
0.33155
0.32605
0.32085
0.31584
0.31104
0.30665
0.30255
0.29841
0.29405
0.28985
0.28612
0.28282
0.27935
0.27536
0.27113
0.26733
0.26403
0.26053
0.25609
0.25074
0.24499
0.23932
0.23387
0.22865
0.22349
0.21849
0.2139
0.20999
0.20655
0.20341
0.2005
0.19784
0.19503
0.19192
0.18869
0.18568
0.18261
0.17915
0.17515
0.17079
0.16625
0.16203
0.15843
0.15525
0.15174
0.14774
0.14392
0.14121
0.13965
0.13862
0.13729
0.13543
0.13322
0.13116
0.1293
0.12724
0.12427
0.12054
0.11681
0.11386
0.11128
0.10831
0.10447
0.10023
0.096023
0.092239
0.088937
0.086301
0.084242
0.082798
0.081796
0.081116
0.080392
0.07964
0.07888
0.078197
0.077294
0.076104
0.074527
0.072757
0.07086
0.06902
0.066934
0.064422
0.061587
0.059196
0.05758
0.056679
0.055957
0.05512
0.053835
0.052389
0.051303
0.051015
0.050948
0.050511
0.049473
0.048161
0.046568
0.045009
0.043849
0.043246
0.042499
0.041486
0.040837
0.041248
0.042001
0.04216
0.041392
0.040189
0.038644
0.037056
0.035853
0.035408
0.035107
0.034566
0.033913
0.033579
0.033215
0.032748
0.032467
0.032632
0.032479
0.031663
0.030657
0.030247
0.030022
0.029409
0.028287
0.027245
0.026433
0.026042
0.026039
0.026312
0.026304
0.026136
0.026155
0.02644
0.026215
0.025409
0.024669
0.024666
0.024812
0.024569
0.024069
0.024093
0.024526
0.024819
0.024441
0.023745
0.023162
0.023192
0.02369
0.024298
0.024484
0.024588
0.025057
0.02589
0.026086
0.02529
0.024058
0.023376
0.023084
0.022648
0.021737
0.020798
0.020005
0.019493
0.019126
0.019014
0.019025
0.019321
0.019835
0.02046
0.020726
0.020732
0.020707
0.020907
0.02094
0.020708
0.020303
0.020156
0.02021
0.020429
0.020503
0.020277
0.019415
0.018161
0.016906
0.016159
0.015713
0.015369
0.014953
0.014758
0.014772
0.015049
0.01535
0.015516
0.015019
0.01391
0.01267
0.012119
0.012239
0.012772
0.013449
0.014637
0.016418
0.018593
0.020265
0.020851
0.020298
0.019512
0.018998
0.018689
0.017941
0.016735
0.015296
0.014245
0.013869
0.014198
0.014372
0.013827
0.012718
0.012042
0.012071
0.012532
0.012797
0.012747
0.012348
0.012161
0.012586
0.013607
0.014368
0.01465
0.014773
0.015124
0.015207
0.014923
0.014599
0.014603
0.014312
0.013447
0.012407
0.012027
0.012154
0.012426
0.012645
0.013138
0.013702
0.014132
0.014215
0.014218
0.014214
0.014484
0.014932
0.015343
0.015195
0.014697
0.01427
0.014336
0.014587
0.014839
0.014895
0.014991
0.015252
0.015987
0.016925
0.017663
0.017676
0.017133
0.016248
0.015396
0.014574
0.013956
0.013466
0.013173
0.012792
0.012292
0.011698
0.011497
0.01165
0.011782
0.011301
0.010593
0.010355
0.011058
0.012007
0.012441
0.012007
0.01135
0.010973
0.011117
0.011352
0.011414
0.010981
0.010231
0.0093546
0.0087474
0.008211
0.007495
0.0063556
0.0053357
0.0050071
0.0058165
0.0072647
0.0086355
0.009247
0.0093607
0.0093901
0.0097168
0.0101
0.010496
0.010766
0.010994
0.010943
0.0106
0.0098315
0.0090043
0.0084853
0.0087119
0.0093915
0.010288
0.011242
0.012467
0.013636
0.014464
0.014655
0.014296
0.013175
0.011527
0.009772
0.0084666
0.0073584
0.0062435
0.0050236
0.0039831
0.0030252
0.0024211
0.0024587
0.0033251
0.0043509
0.0051503
0.0057049
0.0063674
