0.59829
0.58852
0.57387
0.55433
0.5348
0.52015
0.51038
0.50061
0.48596
0.47619
0.45665
0.45177
0.43712
0.4127
0.40293
0.38828
0.36874
0.34921
0.33455
0.3199
0.30037
0.28083
0.26618
0.24664
0.23687
0.21734
0.20269
0.18803
0.1685
0.15385
0.13919
0.11966
0.10012
0.080586
0.06105
0.046398
0.021978
-0.002442
-0.01221
-0.041514
-0.06105
-0.075702
-0.095238
-0.11966
-0.13919
-0.15873
-0.17338
-0.20269
-0.22222
-0.24664
-0.27106
-0.29548
-0.3199
-0.35409
-0.37851
-0.40293
-0.42735
-0.44689
-0.47619
-0.50061
-0.52015
-0.54457
-0.56899
-0.59341
-0.61294
-0.64225
-0.66667
-0.6862
-0.70574
-0.72527
-0.73993
-0.75946
-0.77411
-0.78877
-0.79853
-0.8083
-0.81807
-0.82295
-0.82784
-0.83272
-0.83761
-0.84249
-0.84737
-0.85226
-0.85714
-0.86691
-0.86691
-0.86203
-0.85226
-0.86691
-0.87179
-0.87179
-0.87179
-0.87179
-0.87179
-0.87668
-0.86691
-0.86203
-0.82295
-0.79853
-0.60317
0.81319
1.0769
1.1893
1.2234
1.2283
1.2234
1.2186
1.2039
1.1941
1.1844
1.1697
1.1551
1.1404
1.1306
1.116
1.1013
1.0916
1.0818
1.072
1.0623
1.0476
1.0427
1.033
1.0281
1.0281
1.0183
1.0134
1.0085
0.99878
0.99878
0.98413
0.97924
0.96947
0.96459
0.95971
0.94505
0.93529
0.9304
0.92063
0.91575
0.90598
0.9011
0.89133
0.88645
0.87668
0.87179
0.85714
0.85226
0.84737
0.83272
0.81319
0.80342
0.78877
0.779
0.76435
0.75458
0.74481
0.73016
0.72527
0.71551
0.70085
0.69109
0.67643
0.66178
0.64713
0.62759
0.61294
0.59829
0.58364
0.5641
0.54457
0.5348
0.52015
0.50061
0.48596
0.47131
0.45665
0.43712
0.42247
0.40781
0.38828
0.36386
0.34921
0.33455
0.31502
0.29548
0.26618
0.25153
0.23199
0.21245
0.19292
0.18315
0.15873
0.13919
0.12454
0.10501
0.080586
0.065934
0.041514
0.021978
-0.002442
-0.021978
-0.056166
-0.070818
-0.095238
-0.11477
-0.13431
-0.15873
-0.18315
-0.20269
-0.22711
-0.25153
-0.27595
-0.29548
-0.32479
-0.35409
-0.37851
-0.40293
-0.43223
-0.46154
-0.48596
-0.51038
-0.54457
-0.5641
-0.58364
-0.60806
-0.62759
-0.64713
-0.66667
-0.68132
-0.69597
-0.72039
-0.73504
-0.74969
-0.75946
-0.77411
-0.78877
-0.79853
-0.8083
-0.81319
-0.81319
-0.81319
-0.81807
-0.82784
-0.82784
-0.83272
-0.83761
-0.83761
-0.84249
-0.84249
-0.84737
-0.84737
-0.85226
-0.85226
-0.86203
-0.85714
-0.84249
-0.83761
-0.84249
-0.84737
-0.84737
-0.84249
-0.84737
-0.84737
-0.85714
-0.85226
-0.84249
-0.80342
-0.77411
-0.57875
0.86691
1.1209
1.2332
1.2674
1.2723
1.2674
1.2527
1.243
1.2186
1.2039
1.1795
1.16
1.1453
1.1306
1.1111
1.0916
1.0672
1.0623
1.0476
1.0379
1.0281
1.0232
1.0134
1.0037
0.99878
0.99389
0.98901
0.98413
0.97436
0.95971
0.95482
0.94994
0.94017
0.9304
0.92063
0.92063
0.91575
0.90598
0.90598
0.89621
0.89133
0.89133
0.87668
0.86691
0.85714
0.85226
0.84249
0.83272
0.82295
0.81319
0.79853
0.78877
0.779
0.77411
0.76435
0.75946
0.74969
0.73993
0.72527
0.72527
0.71062
0.69109
0.68132
0.66667
0.66178
0.64225
0.62759
0.61294
0.60317
0.59341
0.58364
0.56899
0.55922
0.54945
0.5348
0.52503
0.50549
0.49084
0.47619
0.45665
0.44689
0.42735
0.4127
0.39805
0.37363
0.36386
0.35409
0.32967
0.3199
0.30525
0.2906
0.28083
0.25641
0.24176
0.22711
0.20269
0.18315
0.1685
0.14896
0.12943
0.10989
0.090354
0.075702
0.056166
0.041514
0.021978
0.007326
-0.01221
-0.03663
-0.046398
-0.065934
-0.095238
-0.11477
-0.13919
-0.15873
-0.18803
-0.21734
-0.23199
-0.25641
-0.27595
-0.29548
-0.3199
-0.34921
-0.37363
-0.39316
-0.4127
-0.442
-0.46642
-0.49084
-0.52015
-0.54457
-0.56899
-0.59829
-0.61783
-0.64713
-0.66667
-0.6862
-0.70574
-0.72527
-0.73504
-0.74969
-0.75946
-0.779
-0.78877
-0.79853
-0.8083
-0.82295
-0.82784
-0.83272
-0.84737
-0.85226
-0.85714
-0.86203
-0.86691
-0.86691
-0.86691
-0.85226
-0.84249
-0.86203
-0.86203
-0.86691
-0.86691
-0.87179
-0.87179
-0.88156
-0.87668
-0.87179
-0.83272
-0.80342
-0.60806
0.82295
1.0818
1.1941
1.2283
1.2381
1.2381
1.2234
1.2137
1.199
1.1844
1.1746
1.1551
1.1306
1.1209
1.1062
1.0965
1.0916
1.0769
1.072
1.0672
1.0623
1.0525
1.0476
1.0379
1.033
1.0232
1.0134
1.0037
0.99878
0.99389
0.97924
0.96947
0.96459
0.95971
0.95482
0.94994
0.94505
0.94017
0.9304
0.92552
0.92063
0.90598
0.89621
0.88645
0.87668
0.86203
0.84737
0.84249
0.83761
0.82295
0.81807
0.8083
0.79365
0.78388
0.77411
0.76923
0.75458
0.73993
0.73504
0.71062
0.70085
0.6862
0.66667
0.65201
0.63736
0.62271
0.61294
0.59829
0.58364
0.56899
0.55922
0.54457
0.52503
0.51038
0.49084
0.47619
0.46154
0.43712
0.41758
0.39805
0.37363
0.36386
0.34432
0.32967
0.31502
0.29548
0.27595
0.26129
0.23687
0.22222
0.20269
0.17827
0.15873
0.14408
0.11966
0.10012
0.075702
0.056166
0.031746
0.01221
-0.007326
-0.026862
-0.046398
-0.065934
-0.08547
-0.10501
-0.12943
-0.15385
-0.17827
-0.20269
-0.22711
-0.25153
-0.28571
-0.30525
-0.33455
-0.35897
-0.38339
-0.40781
-0.42735
-0.45665
-0.47619
-0.50061
-0.52503
-0.54945
-0.57875
-0.60317
-0.62759
-0.64713
-0.66667
-0.69109
-0.70574
-0.72527
-0.73993
-0.74969
-0.75946
-0.76923
-0.779
-0.78388
-0.79365
-0.79853
-0.80342
-0.81319
-0.81807
-0.82295
-0.82784
-0.83761
-0.84249
-0.84249
-0.84737
-0.84737
-0.84737
-0.84737
-0.84737
-0.84737
-0.84737
-0.84249
-0.83272
-0.83272
-0.84249
-0.84249
-0.84737
-0.85226
-0.85714
-0.85714
-0.86203
-0.85714
-0.84249
-0.80342
-0.77411
-0.57875
0.87179
1.1306
1.243
1.2723
1.2869
1.2723
1.2527
1.2381
1.2186
1.199
1.1697
1.1551
1.1453
1.1258
1.1111
1.0965
1.0867
1.072
1.0623
1.0476
1.0379
1.0232
1.0134
1.0037
0.99878
0.98901
0.97436
0.96947
0.96459
0.95482
0.94994
0.94994
0.94505
0.94017
0.93529
0.9304
0.92063
0.91087
0.90598
0.89621
0.88645
0.88156
0.86691
0.86203
0.85226
0.84249
0.83761
0.83272
0.82295
0.81807
0.8083
0.80342
0.78877
0.78388
0.77411
0.75946
0.74481
0.73993
0.72527
0.71551
0.69597
0.6862
0.68132
0.67155
0.6569
0.64713
0.63736
0.62759
0.61294
0.60317
0.59341
0.57387
0.55922
0.54945
0.52991
0.51526
0.49573
0.48107
0.46642
0.45177
0.442
0.43223
0.41758
0.40293
0.38828
0.37363
0.35897
0.33944
0.32479
0.31013
0.2906
0.27106
0.25153
0.23199
0.21734
0.1978
0.18315
0.1685
0.15385
0.13431
0.11477
0.10501
0.08547
0.06105
0.046398
0.026862
0.007326
-0.017094
-0.03663
-0.06105
-0.075702
-0.10012
-0.11966
-0.13919
-0.16361
-0.18315
-0.20269
-0.22222
-0.24664
-0.27106
-0.2906
-0.31502
-0.33944
-0.36874
-0.39316
-0.41758
-0.44689
-0.47619
-0.50061
-0.52503
-0.54945
-0.57387
-0.59341
-0.61294
-0.63248
-0.6569
-0.67155
-0.69597
-0.72039
-0.73016
-0.75458
-0.76923
-0.78388
-0.79853
-0.8083
-0.81807
-0.82295
-0.82784
-0.83272
-0.83761
-0.84737
-0.84737
-0.85226
-0.85714
-0.86203
-0.86691
-0.85714
-0.84737
-0.86203
-0.86691
-0.87179
-0.87668
-0.87668
-0.87668
-0.88645
-0.87179
-0.86691
-0.82295
-0.79365
-0.59829
0.82295
1.0769
1.1941
1.2234
1.2332
1.2234
1.2137
1.199
1.1893
1.1746
1.16
1.1551
1.1355
1.1306
1.1209
1.1062
1.1013
1.0867
1.0769
1.0623
1.0574
1.0476
1.033
1.0232
1.0232
1.0134
1.0085
1.0037
0.99878
0.99389
0.98413
0.98413
0.97436
0.96459
0.96459
0.95482
0.94505
0.94017
0.9304
0.91575
0.90598
0.89621
0.89133
0.88156
0.87179
0.86691
0.86203
0.85714
0.84737
0.83272
0.82295
0.8083
0.79853
0.78388
0.77411
0.75946
0.74481
0.73016
0.72039
0.70574
0.69597
0.68132
0.67643
0.66178
0.64713
0.63248
0.61783
0.60317
0.58364
0.56899
0.55433
0.5348
0.51526
0.50061
0.48596
0.46642
0.45177
0.43712
0.41758
0.40293
0.38339
0.37363
0.35897
0.33455
0.31502
0.29548
0.27595
0.25641
0.23199
0.21245
0.19292
0.17338
0.15385
0.13431
0.11966
0.095238
0.080586
0.06105
0.046398
0.021978
0.002442
-0.021978
-0.046398
-0.070818
-0.090354
-0.11477
-0.13919
-0.16361
-0.18803
-0.20757
-0.23199
-0.25641
-0.28083
-0.30037
-0.32479
-0.35409
-0.37363
-0.40293
-0.42735
-0.45665
-0.48107
-0.51038
-0.53968
-0.56899
-0.58364
-0.60806
-0.63248
-0.65201
-0.66667
-0.6862
-0.70085
-0.71551
-0.72527
-0.74481
-0.75946
-0.76923
-0.779
-0.78877
-0.79853
-0.8083
-0.81319
-0.82295
-0.82784
-0.82784
-0.83272
-0.83272
-0.83272
-0.83272
-0.83272
-0.83761
-0.83761
-0.84249
-0.84737
-0.84249
-0.85226
-0.85226
-0.84249
-0.84249
-0.84249
-0.84737
-0.85226
-0.84737
-0.84737
-0.84249
-0.84737
-0.84737
-0.82784
-0.79853
-0.76923
-0.57387
0.87179
1.1306
1.2332
1.2576
1.2723
1.2625
1.2527
1.2332
1.2186
1.199
1.1844
1.1648
1.1551
1.1258
1.1111
1.1013
1.0818
1.0672
1.0525
1.0379
1.033
1.0183
1.0134
1.0037
0.99389
0.98901
0.98413
0.98413
0.98413
0.96459
0.96459
0.94994
0.94017
0.93529
0.9304
0.92063
0.90598
0.9011
0.89621
0.89133
0.88645
0.88156
0.87179
0.86691
0.86203
0.84737
0.84737
0.83272
0.82295
0.81807
0.8083
0.79853
0.78388
0.76435
0.76435
0.74969
0.73993
0.73504
0.73016
0.71551
0.70574
0.69597
0.69109
0.67155
0.66178
0.65201
0.63736
0.62271
0.60806
0.58852
0.58364
0.55922
0.55433
0.53968
0.52991
0.51526
0.50549
0.49573
0.48596
0.46154
0.45177
0.42735
0.4127
0.39805
0.38339
0.36874
0.34432
0.32967
0.31502
0.30037
0.28083
0.27106
0.25641
0.24176
0.22711
0.20269
0.19292
0.1685
0.14896
0.12943
0.11477
0.095238
0.070818
0.051282
0.03663
0.01221
-0.002442
-0.021978
-0.03663
-0.056166
-0.075702
-0.095238
-0.10989
-0.13919
-0.15873
-0.18315
-0.20757
-0.23199
-0.25641
-0.28083
-0.30037
-0.32479
-0.34921
-0.37363
-0.39805
-0.41758
-0.44689
-0.46642
-0.48596
-0.52015
-0.53968
-0.57387
-0.59829
-0.61783
-0.64225
-0.66667
-0.69109
-0.71551
-0.72527
-0.73993
-0.75946
-0.76923
-0.779
-0.78877
-0.80342
-0.81319
-0.81807
-0.82784
-0.83761
-0.84249
-0.84737
-0.85226
-0.86203
-0.87179
-0.86691
-0.87668
-0.86203
-0.85226
-0.86691
-0.86203
-0.86691
-0.86691
-0.86691
-0.87179
-0.87668
-0.87179
-0.86203
-0.82784
-0.79853
-0.59829
0.81319
1.072
1.1893
1.2234
1.2283
1.2283
1.2186
1.2088
1.2039
1.1795
1.1697
1.1551
1.1404
1.1258
1.1111
1.0965
1.0867
1.072
1.0672
1.0574
1.0476
1.0427
1.0427
1.033
1.0281
1.0183
1.0183
1.0085
0.99878
0.98901
0.98413
0.97436
0.96947
0.95482
0.95482
0.94017
0.93529
0.93529
0.92552
0.92063
0.91575
0.90598
0.90598
0.88645
0.88156
0.86691
0.85714
0.84249
0.83761
0.82295
0.81807
0.80342
0.78877
0.78388
0.77411
0.75946
0.74969
0.73504
0.73016
0.71062
0.70574
0.69109
0.67155
0.6569
0.63736
0.62759
0.60806
0.58852
0.58364
0.5641
0.54945
0.5348
0.52015
0.50549
0.49084
0.47131
0.46154
0.442
0.42247
0.40293
0.38339
0.36386
0.34432
0.3199
0.30525
0.28571
0.26618
0.25153
0.23687
0.21734
0.1978
0.17827
0.16361
0.13919
0.11966
0.10012
0.080586
0.051282
0.031746
0.007326
-0.007326
-0.03663
-0.051282
-0.070818
-0.095238
-0.11477
-0.13431
-0.15873
-0.17338
-0.20757
-0.22711
-0.25153
-0.28083
-0.30525
-0.32967
-0.35409
-0.38339
-0.4127
-0.43223
-0.46154
-0.48596
-0.51526
-0.5348
-0.55433
-0.57875
-0.60317
-0.61783
-0.64225
-0.66667
-0.69109
-0.70574
-0.72039
-0.73504
-0.75458
-0.76435
-0.77411
-0.78388
-0.79365
-0.79853
-0.80342
-0.8083
-0.81319
-0.81319
-0.82295
-0.82784
-0.82784
-0.83272
-0.83272
-0.84249
-0.84737
-0.84249
-0.85226
-0.84737
-0.84737
-0.84737
-0.84737
-0.83761
-0.82784
-0.83272
-0.83761
-0.83761
-0.84249
-0.84249
-0.84737
-0.85226
-0.84737
-0.84737
-0.81319
-0.77411
-0.57875
0.86691
1.1258
1.2381
1.2723
1.2821
1.2772
1.2625
1.243
1.2186
1.199
1.1795
1.16
1.1404
1.1209
1.1111
1.0916
1.0769
1.0672
1.0574
1.0476
1.0379
1.0281
1.0232
1.0134
1.0037
0.99389
0.98413
0.97436
0.96459
0.95482
0.95482
0.94017
0.93529
0.93529
0.9304
0.92063
0.91575
0.91087
0.91087
0.89621
0.89621
0.88645
0.87668
0.87179
0.85714
0.84249
0.83272
0.82295
0.81807
0.81319
0.80342
0.79365
0.78877
0.78388
0.77411
0.75946
0.75458
0.73993
0.72527
0.71062
0.70574
0.69109
0.68132
0.66667
0.65201
0.63736
0.62759
0.61783
0.60806
0.59829
0.58852
0.57875
0.5641
0.54457
0.52991
0.52015
0.50061
0.48596
0.46642
0.45177
0.442
0.41758
0.40781
0.39805
0.37851
0.36386
0.35409
0.33944
0.32479
0.30525
0.29548
0.27595
0.25641
0.23687
0.21734
0.1978
0.17827
0.15873
0.14408
0.12943
0.10989
0.095238
0.075702
0.06105
0.046398
0.026862
0.01221
-0.01221
-0.03663
-0.06105
-0.080586
-0.10012
-0.12454
-0.14896
-0.1685
-0.19292
-0.21245
-0.23199
-0.25153
-0.27595
-0.29548
-0.3199
-0.34432
-0.36874
-0.39805
-0.41758
-0.442
-0.47131
-0.50549
-0.52991
-0.55433
-0.58364
-0.60317
-0.62759
-0.64713
-0.66667
-0.68132
-0.70085
-0.71551
-0.73504
-0.74969
-0.76435
-0.78388
-0.79365
-0.80342
-0.81807
-0.82784
-0.83272
-0.83761
-0.84249
-0.85226
-0.85714
-0.85714
-0.85226
-0.85714
-0.86691
-0.85226
-0.84737
-0.85714
-0.86203
-0.87179
-0.87179
-0.87668
-0.88156
-0.88645
-0.88156
-0.87179
-0.83272
-0.79853
-0.59829
0.81807
1.0818
1.1941
1.2283
1.2332
1.2332
1.2234
1.2137
1.1941
1.1746
1.16
1.1453
1.1306
1.1209
1.1111
1.1013
1.0867
1.0818
1.0769
1.0623
1.0574
1.0476
1.0427
1.033
1.0232
1.0085
1.0037
0.99878
0.99389
0.98413
0.97924
0.97436
0.96947
0.96459
0.96459
0.95482
0.94994
0.93529
0.92552
0.91575
0.90598
0.89621
0.89133
0.87668
0.87179
0.86203
0.85226
0.84249
0.83272
0.82784
0.81807
0.8083
0.79365
0.78388
0.77411
0.76435
0.75458
0.73993
0.72039
0.70574
0.69109
0.67643
0.66178
0.6569
0.64225
0.62271
0.61294
0.59829
0.58852
0.56899
0.55433
0.53968
0.52015
0.50061
0.48596
0.46154
0.44689
0.42735
0.4127
0.39805
0.37851
0.36386
0.34432
0.32967
0.31502
0.29548
0.27595
0.25153
0.23199
0.21734
0.1978
0.17338
0.15385
0.12943
0.11477
0.090354
0.070818
0.051282
0.031746
0.01221
-0.007326
-0.026862
-0.046398
-0.065934
-0.095238
-0.11477
-0.13919
-0.16361
-0.19292
-0.21734
-0.23687
-0.26618
-0.2906
-0.31013
-0.33455
-0.35409
-0.38828
-0.40781
-0.43223
-0.46154
-0.48107
-0.51038
-0.53968
-0.55922
-0.58852
-0.61294
-0.63248
-0.6569
-0.67643
-0.69109
-0.70574
-0.72039
-0.73504
-0.74481
-0.75458
-0.76923
-0.779
-0.78877
-0.79365
-0.80342
-0.8083
-0.81319
-0.82295
-0.82784
-0.83761
-0.83761
-0.84249
-0.84249
-0.84249
-0.84249
-0.84249
-0.84249
-0.84249
-0.84249
-0.84737
-0.85226
-0.84249
-0.83272
-0.84249
-0.85226
-0.85226
-0.85226
-0.85226
-0.84737
-0.85714
-0.84737
-0.83761
-0.80342
-0.76435
-0.56899
0.87668
1.1355
1.2381
1.2723
1.2723
1.2625
1.2527
1.2283
1.2137
1.1941
1.1795
1.1648
1.1404
1.1306
1.116
1.0965
1.0818
1.072
1.0574
1.0379
1.0379
1.0281
1.0134
0.99878
0.99389
0.99389
0.97924
0.96947
0.96459
0.96459
0.96459
0.95482
0.94994
0.94017
0.9304
0.92552
0.91575
0.91087
0.89621
0.88645
0.88156
0.87668
0.86203
0.86203
0.85714
0.84737
0.84249
0.83272
0.83272
0.81807
0.80342
0.79853
0.78388
0.78388
0.76435
0.74969
0.74481
0.73016
0.72039
0.71551
0.70085
0.69109
0.68132
0.67155
0.66178
0.64713
0.63736
0.62759
0.61294
0.59829
0.58364
0.56899
0.55433
0.5348
0.52015
0.50549
0.49084
0.48107
0.47131
0.45665
0.44689
0.42735
0.41758
0.39805
0.38339
0.36874
0.34921
0.33455
0.31013
0.29548
0.28083
0.26129
0.24664
0.23199
0.22222
0.20269
0.18315
0.1685
0.15385
0.13431
0.11477
0.095238
0.075702
0.06105
0.03663
0.01221
-0.002442
-0.021978
-0.041514
-0.06105
-0.080586
-0.10012
-0.12454
-0.13919
-0.15873
-0.18315
-0.20757
-0.22711
-0.25641
-0.28083
-0.30037
-0.32479
-0.34921
-0.38339
-0.40293
-0.43223
-0.45665
-0.48107
-0.50061
-0.52503
-0.54457
-0.57875
-0.59341
-0.61783
-0.64713
-0.66667
-0.6862
-0.70574
-0.73016
-0.74969
-0.75946
-0.77411
-0.78877
-0.79365
-0.80342
-0.8083
-0.82295
-0.82784
-0.82784
-0.84249
-0.84737
-0.85226
-0.85714
-0.85714
-0.86691
-0.87179
-0.85714
-0.85714
-0.86203
-0.86203
-0.87179
-0.87179
-0.87179
-0.86691
-0.87668
-0.87179
-0.85714
-0.82295
-0.79365
-0.59829
0.81807
1.0818
1.1893
1.2186
1.2283
1.2283
1.2186
1.2088
1.199
1.1844
1.1697
1.1551
1.1453
1.1306
1.1111
1.1013
1.0965
1.0818
1.0672
1.0574
1.0525
1.0427
1.0379
1.033
1.0281
1.0183
1.0134
1.0085
1.0037
0.99389
0.98901
0.98413
0.96947
0.96459
0.95482
0.94505
0.94505
0.9304
0.91575
0.91087
0.90598
0.9011
0.89133
0.88156
0.88156
0.87179
0.86203
0.84737
0.83761
0.82784
0.81319
0.79853
0.79365
0.77411
0.76435
0.75946
0.73993
0.73016
0.72039
0.71062
0.69597
0.68132
0.67155
0.66178
