-0.91575
-0.91575
-0.92063
-0.91575
-0.92063
-0.92552
-0.9304
-0.9304
-0.9304
-0.9304
-0.93529
-0.9304
-0.92063
-0.92063
-0.92063
-0.92063
-0.92552
-0.92063
-0.92063
-0.91575
-0.92552
-0.92063
-0.9011
-0.86691
-0.79365
-0.18803
1.0232
1.2186
1.2772
1.2918
1.2967
1.2869
1.2674
1.2527
1.2332
1.2186
1.199
1.1844
1.1648
1.1453
1.1306
1.1209
1.1013
1.0867
1.072
1.0672
1.0623
1.0525
1.0476
1.0379
1.033
1.033
1.0232
1.0232
1.0134
0.99878
0.99878
0.98901
0.98413
0.97436
0.96947
0.96459
0.95971
0.94994
0.94505
0.94017
0.94017
0.93529
0.92552
0.92063
0.91087
0.90598
0.9011
0.89133
0.87668
0.86691
0.85714
0.85226
0.83761
0.82784
0.82295
0.82295
0.81319
0.79853
0.78877
0.78388
0.76923
0.76435
0.75458
0.73993
0.73016
0.72039
0.69597
0.69109
0.67643
0.66667
0.6569
0.64713
0.63736
0.62271
0.61783
0.60806
0.58852
0.57875
0.5641
0.54945
0.52991
0.52015
0.50549
0.49084
0.47619
0.46154
0.44689
0.43223
0.42247
0.40293
0.38828
0.37851
0.36386
0.34921
0.32967
0.31013
0.30037
0.28083
0.26129
0.24176
0.22222
0.20269
0.18803
0.17338
0.15873
0.13919
0.11966
0.10012
0.08547
0.070818
0.046398
0.031746
0.01221
-0.01221
-0.031746
-0.051282
-0.08547
-0.10012
-0.12454
-0.14408
-0.16361
-0.18803
-0.20757
-0.22711
-0.24664
-0.27106
-0.29548
-0.3199
-0.34921
-0.37363
-0.40781
-0.42735
-0.45665
-0.48107
-0.51526
-0.53968
-0.56899
-0.59341
-0.61783
-0.63736
-0.66667
-0.6862
-0.71062
-0.73016
-0.74969
-0.76923
-0.78877
-0.8083
-0.82295
-0.84249
-0.85714
-0.86691
-0.88156
-0.88645
-0.89133
-0.89621
-0.9011
-0.90598
-0.91087
-0.91087
-0.92063
-0.92063
-0.92063
-0.92552
-0.9304
-0.93529
-0.94017
-0.93529
-0.94505
-0.94505
-0.94017
-0.94505
-0.94017
-0.94017
-0.94017
-0.93529
-0.9304
-0.92063
-0.9304
-0.93529
-0.94017
-0.93529
-0.93529
-0.93529
-0.94994
-0.93529
-0.92063
-0.88645
-0.8083
-0.1685
1.0134
1.2039
1.2674
1.2869
1.2869
1.2723
1.2576
1.243
1.2234
1.2039
1.1795
1.1697
1.1551
1.1404
1.1306
1.1209
1.1111
1.1013
1.0916
1.0867
1.0769
1.072
1.0623
1.0525
1.0427
1.0379
1.0281
1.0232
1.0085
1.0085
1.0037
0.99878
0.99878
0.99389
0.98901
0.98413
0.97924
0.97436
0.96459
0.95482
0.94994
0.94505
0.94017
0.92552
0.91087
0.91087
0.9011
0.89133
0.88645
0.87668
0.87668
0.86691
0.85714
0.85226
0.83761
0.82295
0.81319
0.80342
0.79853
0.779
0.76435
0.75458
0.74969
0.73504
0.72527
0.71551
0.70574
0.69109
0.68132
0.67643
0.6569
0.64713
0.63736
0.61783
0.60806
0.59341
0.57875
0.5641
0.54457
0.52991
0.52015
0.51038
0.49084
0.47619
0.46642
0.45665
0.43223
0.42247
0.40781
0.38828
0.36874
0.35409
0.33455
0.31502
0.29548
0.28083
0.26129
0.24664
0.23199
0.21245
0.1978
0.18315
0.15873
0.14408
0.12454
0.10501
0.08547
0.06105
0.041514
0.021978
-0.002442
-0.021978
-0.041514
-0.065934
-0.080586
-0.10012
-0.12454
-0.14408
-0.1685
-0.18315
-0.20757
-0.23199
-0.25641
-0.28571
-0.30525
-0.33944
-0.36386
-0.38828
-0.41758
-0.44689
-0.46642
-0.49573
-0.51526
-0.54945
-0.56899
-0.58852
-0.61783
-0.64713
-0.66667
-0.69597
-0.71551
-0.73504
-0.75458
-0.77411
-0.80342
-0.81319
-0.82295
-0.83761
-0.84249
-0.85714
-0.86203
-0.86691
-0.87668
-0.88156
-0.88156
-0.89621
-0.89621
-0.90598
-0.91087
-0.91087
-0.92063
-0.92063
-0.92063
-0.92063
-0.92063
-0.92063
-0.92063
-0.92063
-0.92063
-0.91575
-0.92063
-0.92552
-0.92063
-0.9304
-0.9304
-0.9304
-0.92063
-0.91575