-0.94994
-0.95482
-0.94505
-0.94994
-0.94994
-0.95482
-0.95482
-0.95482
-0.95971
-0.94994
-0.93529
-0.94994
-0.94994
-0.94994
-0.94994
-0.94994
-0.94994
-0.94505
-0.9304
-0.91575
-0.88156
-0.77411
0.55433
1.0867
1.2332
1.2821
1.2918
1.2772
1.2723
1.2576
1.2479
1.2283
1.2088
1.1941
1.1844
1.1648
1.1551
1.1355
1.1209
1.1111
1.1013
1.0867
1.0769
1.0672
1.0623
1.0623
1.0574
1.0476
1.0427
1.0379
1.033
1.0281
1.0232
1.0183
1.0134
1.0037
0.99878
0.99389
0.98413
0.97924
0.97436
0.96459
0.96459
0.95971
0.94994
0.94994
0.94505
0.94017
0.9304
0.92552
0.91575
0.90598
0.89621
0.89133
0.88156
0.86691
0.86203
0.84737
0.83761
0.83761
0.82784
0.81807
0.81319
0.80342
0.79365
0.78388
0.779
0.76435
0.74969
0.73993
0.72527
0.71062
0.70085
0.69109
0.68132
0.67643
0.6569
0.64713
0.63736
0.62759
0.61783
0.60317
0.59341
0.57387
0.5641
0.54457
0.5348
0.52015
0.50061
0.48596
0.47131
0.45177
0.442
0.43223
0.42247
0.40293
0.38828
0.37363
0.36386
0.34432
0.32479
0.31013
0.29548
0.27595
0.25641
0.23199
0.21734
0.1978
0.18315
0.1685
0.15385
0.13431
0.11966
0.10012
0.080586
0.056166
0.041514
0.021978
-0.002442
-0.021978
-0.041514
-0.065934
-0.090354
-0.10989
-0.13431
-0.14896
-0.17827
-0.1978
-0.22222
-0.23687
-0.26129
-0.28571
-0.31013
-0.33455
-0.36386
-0.39316
-0.41758
-0.442
-0.47619
-0.50061
-0.52991
-0.55922
-0.58364
-0.60317
-0.63248
-0.65201
-0.67643
-0.70085
-0.72039
-0.74481
-0.76435
-0.78388
-0.79853
-0.81807
-0.83761
-0.85226
-0.86203
-0.87179
-0.88156
-0.88645
-0.89133
-0.9011
-0.90598
-0.91087
-0.91087
-0.91575
-0.92063
-0.92552
-0.92552
-0.9304
-0.93529
-0.94017
-0.94017
-0.94505
-0.94505
-0.94017
-0.94505
-0.94017
-0.94017
-0.93529
-0.93529
-0.94017
-0.93529
-0.93529
-0.94505
-0.94505
-0.94505
-0.94505
-0.94994
-0.93529
-0.92552
-0.94017
-0.94017
-0.94017
-0.94017
-0.94017
-0.93529
-0.94505
-0.9304
-0.91087
-0.87668
-0.76923
0.53968
1.0965
1.2381
1.2869
1.2967
1.2918
1.2821
1.2723
1.2576
1.2332
1.2186
1.1941
1.1893
1.1648
1.1502
1.1404
1.1209
1.1111
1.1013
1.0867
1.0818
1.0623
1.0574
1.0525
1.0476
1.0427
1.033
1.0379
1.033
1.0281
1.0232
1.0134
1.0037
0.99878
0.99389
0.98901
0.97924
0.96947
0.96947
0.96459
0.95482
0.94994
0.94505
0.94505
0.94017
0.92552
0.92552
0.91575
0.91087
0.9011
0.89133
0.89133
0.87179
0.85714
0.85714
0.84249
0.83761
0.82784
0.82295
0.81807
0.8083
0.79853
0.79365
0.77411
0.76435
0.75946
0.74481
0.73993
0.72527
0.71062
0.70085
0.6862
0.67643
0.66667
0.6569
0.64713
0.63736
0.62759
0.61783
0.60317
0.58852
0.57875
0.5641
0.54945
0.53968
0.52015
0.51038
0.48596
0.47619
0.46154
0.44689
0.43712
0.42247
0.4127
0.39805
0.38339
0.36386
0.35409
0.33455
0.3199
0.30037
0.28571
0.26618
0.24176
0.23199
0.21245
0.19292
0.18315
0.16361
0.14408
0.12943
0.11477
0.095238
0.075702
0.056166
0.03663
0.017094
-0.002442
-0.021978
-0.046398
-0.065934
-0.090354
-0.11477
-0.13431
-0.15385
-0.17827
-0.1978
-0.21734
-0.23687
-0.26618
-0.28571
-0.31013
-0.33944
-0.36386
-0.39316
-0.41758
-0.44689
-0.48107
-0.50061
-0.52991
-0.55433
-0.58364
-0.60317
-0.62759
-0.65201
-0.67643
-0.70085
-0.72527
-0.74969
-0.76923
-0.78877
-0.80342
-0.82784
-0.84737
-0.85714
-0.87179
-0.88156
-0.89133
-0.89133
-0.9011
-0.90598
-0.91087
-0.91087
-0.92063
-0.92552
-0.9304
-0.93529
-0.94017
-0.94017
-0.94505
-0.94994
-0.95482
-0.95482
-0.94994
-0.95482
-0.94994
-0.94994
-0.94994
-0.94505
-0.94505
-0.94994
-0.94994
-0.94994
-0.95482
-0.95482
-0.95482
-0.95971
-0.94505