0.01464999999999994
0.0048799999999999955
0.0048799999999999955
0.0048799999999999955
0.0048799999999999955
0.0048799999999999955
0.0
0.0048799999999999955
0.0048799999999999955
0.0048799999999999955
0.0048799999999999955
0.0048799999999999955
0.0048799999999999955
0.009769999999999945
0.0048799999999999955
0.009769999999999945
0.009769999999999945
0.0
0.0048799999999999955
0.0048799999999999955
0.009769999999999945
0.0048799999999999955
0.0
0.01464999999999994
0.019540000000000002
0.01464999999999994
0.01464999999999994
0.019540000000000002
0.01464999999999994
0.024419999999999997
0.009769999999999945
0.024419999999999997
0.048839999999999995
0.09767999999999999
0.29303999999999997
1.8607999999999998
2.13429
2.24669
2.26619
2.27109
2.26129
2.24669
2.22709
2.20759
2.19289
2.17339
2.15869
2.14409
2.12939
2.1147899999999997
2.10499
2.0903899999999997
2.07569
2.06589
2.05619
2.04639
2.03659
2.03179
2.02689
2.0219899999999997
2.0219899999999997
2.01709
2.01219
2.01219
2.00249
2.00729
1.9975899999999998
1.98779
1.98779
1.9828899999999998
1.9828899999999998
1.96829
1.95848
1.95848
1.9487199999999998
1.9487199999999998
1.94383
1.93895
1.9340600000000001
1.92918
1.92918
1.91941
1.91453
1.90476
1.89499
1.89011
1.88034
1.87546
1.8607999999999998
1.8559199999999998
1.84615
1.83638
1.83638
1.82173
1.81196
1.80708
1.8022
1.79731
1.78266
1.77778
1.7680099999999999
1.7533599999999998
1.74359
1.73382
1.72405
1.71428
1.69963
1.68986
1.68498
1.6703299999999999
1.6605599999999998
1.6556799999999998
1.64591
1.63614
1.62149
1.61172
1.60195
1.5873
1.5775299999999999
1.5628799999999998
1.55311
1.53846
1.51892
1.50916
1.4945
1.48474
1.47497
1.4603199999999998
1.44566
1.4359
1.42124
1.41148
1.39682
1.38217
1.3723999999999998
1.35287
1.33333
1.31868
1.29426
1.28449
1.2649599999999999
1.25519
1.24054
1.221
1.20635
1.1917
1.1770399999999999
1.1672799999999999
1.14774
1.1233199999999999
1.10867
1.08913
1.0695999999999999
1.0451759999999999
1.030524
1.0061039999999999
0.986568
0.967032
0.9474959999999999
0.9279599999999999
0.9133079999999999
0.8937719999999999
0.8742359999999999
0.8546999999999999
0.8302799999999999
0.81074
0.7863199999999999
0.7618999999999999
0.74237
0.71306
0.69353
0.6642199999999999
0.6349199999999999
0.6153799999999999
0.5860799999999999
0.5616599999999999
0.5372399999999999
0.5128199999999999
0.48351999999999995
0.46397999999999995
0.43467999999999996
0.41025999999999996
0.38583999999999996
0.3565299999999999
0.3321099999999999
0.3028099999999999
0.2783899999999999
0.2539699999999999
0.22465999999999997
0.20512999999999992
0.18070999999999993
0.16605999999999999
0.15139999999999998
0.13186999999999993
0.12209999999999999
0.11232999999999993
0.10255999999999998
0.0928
0.07813999999999999
0.07325999999999999
0.06348999999999994
0.05371999999999999
0.048839999999999995
0.04396
0.04396
0.03418999999999994
0.024419999999999997
0.024419999999999997
0.024419999999999997
0.024419999999999997
0.019540000000000002
0.01464999999999994
0.019540000000000002
0.024419999999999997
0.024419999999999997
0.019540000000000002
0.024419999999999997
0.019540000000000002
0.01464999999999994
0.009769999999999945
0.01464999999999994
0.009769999999999945
0.0048799999999999955
0.0048799999999999955
0.0048799999999999955
0.0048799999999999955
0.0048799999999999955
0.009769999999999945
0.009769999999999945
0.01464999999999994
0.01464999999999994
0.019540000000000002
0.01464999999999994
0.01464999999999994
0.01464999999999994
0.009769999999999945
0.009769999999999945
0.009769999999999945
0.0
0.009769999999999945
0.0048799999999999955
0.0048799999999999955
0.009769999999999945
0.024419999999999997
0.03418999999999994
0.024419999999999997
0.024419999999999997
0.029299999999999993
0.024419999999999997
0.019540000000000002
0.0
0.01464999999999994
0.024419999999999997
0.05371999999999999
0.0928
0.2832699999999999
1.8559199999999998
2.12939
2.24179
2.2759899999999997
2.27109
2.26619
2.25149
2.23689
2.21249
2.19779
2.1831899999999997
2.15869
2.13919
2.12939
2.1147899999999997
2.10009
2.08059
2.07079
2.06589
2.05619
2.04639
2.04149
2.03659
2.04149
2.03659
2.03179
2.0219899999999997
2.01219
2.01219
2.00729
2.00249
1.9975899999999998
1.98779
1.9828899999999998
1.9779900000000001
1.97309
1.97309
1.96829
1.9633699999999998
1.9633699999999998
1.9535999999999998
1.9487199999999998
1.94383
1.9340600000000001
1.92918
1.92918
1.91941
1.90964
1.89988
1.89011
1.88034
1.87546
1.8656899999999998
1.8607999999999998
1.8559199999999998
1.84615
1.84127
1.83638
1.82662
1.81685
1.81196
1.79731
1.79243
1.77778
1.7680099999999999
1.7582399999999998
1.74847
1.7387
1.72894
1.71917
1.7094
1.70452
1.69475
1.68498
1.6752099999999999
1.6654399999999998
1.6556799999999998
1.64102
1.63126
1.6166
1.60684
1.59707
1.5775299999999999
1.5677599999999998
1.55311
1.54334
1.53358
1.52381
1.50916
1.49939
1.48962
1.4798499999999999
1.4651999999999998
1.44566
1.4359
1.42124
1.40659
1.39194
1.3723999999999998
1.35775
1.33822
1.32845
1.3138
1.29914
1.28449
1.2649599999999999
1.25519
1.24542
1.22588
1.21123
1.1917
1.1721599999999999
1.15751
1.13797
1.1184399999999999
1.10378
1.0793599999999999
1.0549439999999999
1.040292
1.020756
1.00122
0.986568
0.967032
0.9523799999999999
0.9328439999999999
0.9133079999999999
0.8986559999999999
0.8693519999999999
0.84493
0.82051
0.79609
0.7765599999999999
0.74725
0.72283
0.7032999999999999
0.6788799999999999
0.6593399999999999
0.6349199999999999
0.6104999999999999
0.5860799999999999
0.5616599999999999
0.5372399999999999
0.5128199999999999
0.47862999999999994
0.45421
0.4297899999999999
0.39559999999999995
0.3760699999999999
0.34675999999999996
0.31257999999999997
0.28815999999999997
0.26374
0.24419999999999997
0.22465999999999997
0.20023999999999997
0.18070999999999993
0.16605999999999999
0.15139999999999998
0.13674999999999993
0.12209999999999999
0.10744999999999993
0.0928
0.07813999999999999
0.06838
0.05860999999999994
0.05371999999999999
0.04396
0.03418999999999994
0.03418999999999994
0.029299999999999993
0.024419999999999997
0.024419999999999997
0.024419999999999997
0.024419999999999997
0.024419999999999997
0.01464999999999994
0.019540000000000002
0.01464999999999994
0.01464999999999994
0.009769999999999945
0.009769999999999945
0.0048799999999999955
0.0048799999999999955
0.0
0.0048799999999999955
0.0
0.0048799999999999955
0.0048799999999999955
0.009769999999999945
0.009769999999999945
0.0048799999999999955
0.01464999999999994
0.01464999999999994
0.0048799999999999955
0.009769999999999945
0.009769999999999945
0.009769999999999945
0.009769999999999945
0.0048799999999999955
0.0
0.0
0.0
0.0
0.0048799999999999955
0.0048799999999999955
0.009769999999999945
0.009769999999999945
0.029299999999999993
0.03906999999999994
0.024419999999999997
0.024419999999999997
0.01464999999999994
