0.0021441218986023645
0.0021441218986023645
0.0021441218986023645
0.0021441218986023645
0.0021441218986023645
0.0
0.0021441218986023645
0.0021441218986023645
0.0021441218986023645
0.0021441218986023645
0.0021441218986023645
0.0021441218986023645
0.004292637489619878
0.0021441218986023645
0.004292637489619878
0.004292637489619878
0.0
0.0021441218986023645
0.0021441218986023645
0.004292637489619878
0.0021441218986023645
0.0
0.006436759388222243
0.008585274979239806
0.006436759388222243
0.006436759388222243
0.008585274979239806
0.006436759388222243
0.01072939687784217
0.004292637489619878
0.01072939687784217
0.02145879375568434
0.04291758751136868
0.12875276253410603
0.8175782846146072
0.9377413784770584
0.9871264812235556
0.9956941814331347
0.9978470907165674
0.9935412721497019
0.9871264812235556
0.9785148440898248
0.9699471438802457
0.9634884160299474
0.9549207158203684
0.9484619879700703
0.9420471970439238
0.9355884691936257
0.9291736782674792
0.9248678597006139
0.9184530687744674
0.9119943409241693
0.907688522357304
0.9034266407145902
0.8991208221477249
0.8948150035808594
0.8927060312215784
0.8905531219381456
0.8884002126547129
0.8884002126547129
0.8862473033712803
0.8840943940878475
0.8840943940878475
0.8798325124451338
0.8819414848044148
0.877679603161701
0.8733737845948357
0.8733737845948357
0.871220875311403
0.871220875311403
0.8648060843852566
0.860495872125976
0.860495872125976
0.8562076283287712
0.8562076283287712
0.8540591127377538
0.8519149908391513
0.849766475248134
0.8476223533495315
0.8476223533495315
0.8433297158599117
0.8411855939613093
0.8368929564716894
0.8326003189820694
0.8304561970834671
0.8261635595938471
0.8240194376952448
0.8175782846146072
0.8154341627160049
0.811141525226385
0.8068488877367651
0.8068488877367651
0.8004121283485429
0.7961194908589231
0.7939753689603206
0.7918312470617183
0.7896827314707008
0.7832459720824785
0.7811018501838761
0.7768092126942562
0.7703724533060339
0.766079815816414
0.7617871783267941
0.7574945408371743
0.7532019033475543
0.746765143959332
0.7424725064697121
0.7403283845711097
0.7338916251828875
0.7295989876932676
0.7274548657946652
0.7231622283050454
0.7188695908154255
0.7124328314272033
0.7081401939375833
0.7038475564479634
0.6974107970597411
0.6931181595701211
0.6866814001818988
0.682388762692279
0.6759520033040568
0.667366728324817
0.6630784845276123
0.6566373314469748
0.6523490876497701
0.6480564501601501
0.6416196907719278
0.6351785376912904
0.6308902938940857
0.6244491408134483
0.6201608970162436
0.6137197439356061
0.6072829845473838
0.6029903470577639
0.5944094657709393
0.5858241907916995
0.5793874314034773
0.568658034525635
0.5643653970360151
0.5557845157491904
0.5514918782595707
0.5450551188713484
0.5364698438921086
0.5300330845038863
0.523596325115664
0.5171551720350265
0.5128669282378218
0.504281653258582
0.4935522563807398
0.4871154969925176
0.4785302220132778
0.4699493407264531
0.45921818637164485
0.45278054824493963
0.4420511513670974
0.43346763386482373
0.42488411636254997
0.4163005988602762
0.40771708135800244
0.40127944323129716
0.3926959257290234
0.3841124082267497
0.37552889072447593
0.3647994938466338
0.356214218867394
0.3454848219895518
0.33475542511170964
0.32617454382488503
0.3132966313560253
0.3047157500692007
0.29183783760034093
0.27896431882389644
0.2703790438446566
0.25750552506821206
0.2467761281903699
0.23604673131252774
0.22531733443468557
0.21244381565824103
0.20385854067900122
0.1909850219025567
0.1802556250247145
0.16952622814687235
0.15664831567801263
0.14591891880017044
0.13304540002372592
0.12231600314588374
0.11158660626804158
0.09870869379918189
0.09012781251235724
0.07939841563451507
0.07296165624629282
0.06652050316565539
0.05793962187883073
0.053646984389210846
0.04935434689959092
0.04506170940997104
0.04077346561276631
0.03433231253212887
0.03218819063352651
0.02789555314390658
0.023602915654286703
0.02145879375568434
0.019314671857081973
0.019314671857081973
0.015022034367462049
0.01072939687784217
0.01072939687784217
0.01072939687784217
0.01072939687784217
0.008585274979239806
0.006436759388222243
0.008585274979239806
0.01072939687784217
0.01072939687784217
0.008585274979239806
0.01072939687784217
0.008585274979239806
0.006436759388222243
0.004292637489619878
0.006436759388222243
0.004292637489619878
0.0021441218986023645
0.0021441218986023645
0.0021441218986023645
0.0021441218986023645
0.0021441218986023645
0.004292637489619878
0.004292637489619878
0.006436759388222243
0.006436759388222243
0.008585274979239806
0.006436759388222243
0.006436759388222243
0.006436759388222243
0.004292637489619878
0.004292637489619878
0.004292637489619878
0.0
0.004292637489619878
0.0021441218986023645
0.0021441218986023645
0.004292637489619878
0.01072939687784217
0.015022034367462049
0.01072939687784217
0.01072939687784217
0.012873518776444534
0.01072939687784217
0.008585274979239806
0.0
0.006436759388222243
0.01072939687784217
0.023602915654286703
0.04077346561276631
0.12446012504448611
0.8154341627160049
0.9355884691936257
0.9849735719401228
1.0
0.9978470907165674
0.9956941814331347
0.9892354535828366
0.9828206626566901
0.9721000531636783
0.9656413253133802
0.9592265343872337
0.9484619879700703
0.9398942877604912
0.9355884691936257
0.9291736782674792
0.9227149504171811
0.914147250207602
0.9098414316407367
0.907688522357304
0.9034266407145902
0.8991208221477249
0.8969679128642921
0.8948150035808594
0.8969679128642921
0.8948150035808594
0.8927060312215784
0.8884002126547129
0.8840943940878475
0.8840943940878475
0.8819414848044148
0.8798325124451338
0.877679603161701
0.8733737845948357
0.871220875311403
0.8690679660279704
0.8669150567445376
0.8669150567445376
0.8648060843852566
0.8626443877169935
0.8626443877169935
0.8583517502273735
0.8562076283287712
0.8540591127377538
0.849766475248134
0.8476223533495315
0.8476223533495315
0.8433297158599117
0.8390370783702917
0.834748834573087
0.8304561970834671
0.8261635595938471
0.8240194376952448
0.8197268002056248
0.8175782846146072
0.8154341627160049
0.811141525226385
0.8089974033277827
0.8068488877367651
0.8025606439395604
0.7982680064499406
0.7961194908589231
0.7896827314707008
0.7875386095720984
0.7811018501838761
0.7768092126942562
0.7725165752046362
0.7682239377150164
0.7639313002253965
0.7596430564281917
0.7553504189385719
0.751057781448952
0.7489136595503496
0.7446210220607297
0.7403283845711097
0.7360357470814899
0.73174310959187
0.7274548657946652
0.7210137127140278
0.7167254689168231
0.7102843158361857
0.705996072038981
0.701703434549361
0.6931181595701211
0.6888255220805012
0.682388762692279
0.6780961252026592
0.6738078814054543
0.6695152439158345
0.6630784845276123
0.6587858470379924
0.6544932095483724
0.6502005720587525
0.6437638126705302
0.6351785376912904
0.6308902938940857
0.6244491408134483
0.618012381425226
0.6115756220370038
0.6029903470577639
0.5965535876695417
0.587972706382717
0.5836800688930971
0.5772433095048749
0.5708021564242374
0.5643653970360151
0.5557845157491904
0.5514918782595707
0.5471992407699507
0.538613965790711
0.5321772064024887
0.523596325115664
0.5150110501364241
0.5085742907482019
0.4999890157689621
0.49140813448213744
0.4849669814015001
0.47423758452365783
0.46350994512278176
0.4570723069960765
0.4484887894938028
0.439905271991529
0.43346763386482373
0.42488411636254997
0.41844647823584463
0.40986296073357087
0.40127944323129716
0.3948418051045918
0.38196652885118126
0.37123625323485604
0.3605068563570139
0.3497774594791717
0.34119657819234706
0.3283186657234874
0.3175892688456452
0.30900838755882054
0.2982789906809784
0.2896937157017386
0.27896431882389644
0.26823492194605425
0.25750552506821206
0.2467761281903699
0.23604673131252774
0.22531733443468557
0.2102953000672235
0.19956590318938136
0.18883650631153914
0.1738144719440771
0.16523359065725243
0.15235567818839274
0.13733803751334583
0.12660864063550367
0.11587924375766151
0.10729396877842169
0.09870869379918189
0.08797929692133973
0.07939841563451507
0.07296165624629282
0.06652050316565539
0.06008374377743309
0.053646984389210846
0.04721022500098856
0.04077346561276631
0.03433231253212887
0.030044068734924146
0.025751431245304216
0.023602915654286703
0.019314671857081973
0.015022034367462049
0.015022034367462049
0.012873518776444534
0.01072939687784217
0.01072939687784217
0.01072939687784217
0.01072939687784217
0.01072939687784217
0.006436759388222243
0.008585274979239806
0.006436759388222243
0.006436759388222243
0.004292637489619878
0.004292637489619878
0.0021441218986023645
0.0021441218986023645
0.0
0.0021441218986023645
0.0
0.0021441218986023645
0.0021441218986023645
0.004292637489619878
0.004292637489619878
0.0021441218986023645
0.006436759388222243
0.006436759388222243
0.0021441218986023645
0.004292637489619878
0.004292637489619878
0.004292637489619878
0.004292637489619878
0.0021441218986023645
0.0
0.0
0.0
0.0
0.0021441218986023645
0.0021441218986023645
0.004292637489619878
0.004292637489619878
0.012873518776444534
0.017166156266064412
0.01072939687784217
0.01072939687784217
0.006436759388222243
