0.014690000000000092
0.019570000000000087
0.014690000000000092
0.014690000000000092
0.014690000000000092
0.014690000000000092
0.009809999999999985
0.009809999999999985
0.009809999999999985
0.009809999999999985
0.009809999999999985
0.009809999999999985
0.009809999999999985
0.014690000000000092
0.019570000000000087
0.019570000000000087
0.014690000000000092
0.019570000000000087
0.014690000000000092
0.014690000000000092
0.019570000000000087
0.014690000000000092
0.014690000000000092
0.009809999999999985
0.009809999999999985
0.014690000000000092
0.014690000000000092
0.0049200000000000355
0.014690000000000092
0.009809999999999985
0.014690000000000092
0.014690000000000092
0.019570000000000087
0.019570000000000087
0.014690000000000092
0.014690000000000092
0.014690000000000092
0.014690000000000092
0.009809999999999985
0.0049200000000000355
0.0
0.0049200000000000355
0.0049200000000000355
0.009809999999999985
0.009809999999999985
0.009809999999999985
0.009809999999999985
0.009809999999999985
0.009809999999999985
0.014690000000000092
0.014690000000000092
0.024460000000000037
0.029340000000000033
0.019570000000000087
0.019570000000000087
0.014690000000000092
0.019570000000000087
0.0049200000000000355
0.014690000000000092
0.03911000000000009
0.09283000000000008
0.40053000000000005
1.9341
2.1978
2.2858
2.3102
2.2955
2.2809
2.2564
2.2369000000000003
2.2174
2.193
2.1783
2.1588000000000003
2.1391999999999998
2.1295
2.1197
2.1002
2.1002
2.0904
2.0855
2.0806
2.0757000000000003
2.0757000000000003
2.0709
2.0610999999999997
2.066
2.0610999999999997
2.0562
2.0464
2.0416
2.0464
2.0416
2.0366999999999997
2.0366999999999997
2.0366999999999997
2.0416
2.0318
2.0318
2.0318
2.0220000000000002
2.0220000000000002
2.0171
2.0074
2.0074
1.9975900000000002
1.99271
1.99271
1.9829400000000001
1.97317
1.97317
1.96829
1.96341
1.96341
1.95852
1.95852
1.94875
1.94875
1.9341
1.92922
1.9194499999999999
1.9145699999999999
1.9048
1.89503
1.8852600000000002
1.8852600000000002
1.87061
1.87061
1.86573
1.86084
1.85596
1.85107
1.84131
1.84131
1.83154
1.82177
1.81689
1.80712
1.79247
1.7875800000000002
1.7729300000000001
1.7729300000000001
1.75828
1.75828
1.75339
1.74363
1.73874
1.72897
1.71921
1.71921
1.70455
1.69479
1.6899000000000002
1.6752500000000001
1.6703700000000001
1.65571
1.64595
1.64106
1.62641
1.62153
1.61176
1.60199
1.59711
1.5922200000000002
1.5824500000000001
1.5726900000000001
1.56292
1.55315
1.5385
1.52385
1.5140799999999999
1.50431
1.49454
1.4798900000000001
1.46524
1.46035
1.44082
1.43105
1.42617
1.4164
1.40663
1.39686
1.3773300000000002
1.37244
1.35291
1.34314
1.3236
1.31383
1.29918
1.27965
1.26011
1.25034
1.23081
1.2210400000000001
1.21127
1.19173
1.18197
1.16731
1.14778
1.14289
1.11847
1.098938
1.084286
1.06475
1.050098
1.030562
1.006142
0.99149
0.971954
0.957302
0.937766
0.913346
0.89869
0.87916
0.85962
0.84497
0.81567
0.79613
0.77659
0.74729
0.72287
0.70333
0.67891
0.64961
0.62031
0.60565
0.57635
0.55193
0.52751
0.50309
0.47867000000000004
0.45425000000000004
0.42495000000000005
0.40053000000000005
0.37122
0.34192
0.3175
0.28819000000000006
0.26377000000000006
0.23935000000000006
0.21005000000000007
0.19540000000000002
0.17098000000000002
0.15633000000000008
0.14167000000000007
0.12702000000000002
0.11725000000000008
0.09772000000000003
0.09283000000000008
0.08795000000000008
0.07330000000000003
0.06841000000000008
0.05865000000000009
0.048880000000000035
0.043990000000000085
0.03422999999999998
0.029340000000000033
0.029340000000000033
0.019570000000000087
0.019570000000000087
0.019570000000000087
0.019570000000000087
0.019570000000000087
0.019570000000000087
0.024460000000000037
0.024460000000000037
0.014690000000000092
0.019570000000000087
0.009809999999999985
0.014690000000000092
0.009809999999999985
0.014690000000000092
0.009809999999999985
0.0049200000000000355
0.0
0.009809999999999985
0.009809999999999985
0.009809999999999985
0.014690000000000092
0.009809999999999985
0.014690000000000092
0.014690000000000092
0.009809999999999985
0.019570000000000087
0.014690000000000092
0.009809999999999985
0.009809999999999985
0.014690000000000092
0.009809999999999985
0.0049200000000000355
0.0049200000000000355
0.009809999999999985
0.0049200000000000355
0.009809999999999985
0.009809999999999985
0.014690000000000092
0.014690000000000092
0.014690000000000092
0.019570000000000087
0.024460000000000037
0.014690000000000092
0.019570000000000087
0.019570000000000087
0.014690000000000092
0.014690000000000092
0.014690000000000092
0.009809999999999985
0.014690000000000092
0.009809999999999985
0.009809999999999985
0.009809999999999985
0.014690000000000092
0.014690000000000092
0.019570000000000087
0.019570000000000087
0.024460000000000037
0.019570000000000087
0.019570000000000087
0.014690000000000092
0.019570000000000087
0.014690000000000092
0.019570000000000087
0.014690000000000092
0.009809999999999985
0.009809999999999985
0.009809999999999985
0.009809999999999985
0.009809999999999985
0.014690000000000092
0.014690000000000092
0.019570000000000087
0.019570000000000087
0.014690000000000092
0.019570000000000087
0.019570000000000087
0.014690000000000092
0.014690000000000092
0.014690000000000092
0.014690000000000092
0.009809999999999985
0.0049200000000000355
0.009809999999999985
0.0049200000000000355
0.009809999999999985
0.009809999999999985
0.014690000000000092
0.009809999999999985
0.014690000000000092
0.014690000000000092
0.019570000000000087
0.014690000000000092
0.014690000000000092
0.014690000000000092
0.014690000000000092
0.009809999999999985
0.014690000000000092
0.009809999999999985
0.009809999999999985
0.0049200000000000355
0.0049200000000000355
0.009809999999999985
0.009809999999999985
0.009809999999999985
0.014690000000000092
0.019570000000000087
0.019570000000000087
0.014690000000000092
0.019570000000000087
0.014690000000000092
0.014690000000000092
0.009809999999999985
0.019570000000000087
0.029340000000000033
0.014690000000000092
0.009809999999999985
0.014690000000000092
0.019570000000000087
0.0049200000000000355
0.019570000000000087
0.048880000000000035
0.09772000000000003
0.40541000000000005
1.9341
2.2027
2.2809
2.2955
2.2858
2.276
2.2564
2.232
2.2125000000000004
2.193
2.1734
2.1588000000000003
2.149
2.1295
2.1197
2.1099
2.105
2.1002
2.0855
2.0806
2.0757000000000003
2.0709
2.0709
2.066
2.0562
2.0513000000000003
2.0464
2.0513000000000003
2.0464
2.0464
2.0464
2.0464
2.0464
2.0464
2.0366999999999997
2.0366999999999997
2.0318
2.0269000000000004
2.0220000000000002
2.0171
2.0122
2.0024800000000003
1.9975900000000002
1.9975900000000002
1.99271
1.9975900000000002
1.9829400000000001
1.9829400000000001
1.9780600000000002
1.9780600000000002
1.96829
1.96829
1.96341
1.95364
1.93899
1.93899
1.92922
1.9243299999999999
1.90968
1.90968
1.9048
1.89991
1.89503
1.8852600000000002
1.8803800000000002
1.87549
1.87061
1.86573
1.85596
1.84619
1.84131
1.83642
1.8266499999999999
1.81689
1.80223
1.80223
1.7875800000000002
1.7827000000000002
1.7778100000000001
1.7729300000000001
1.7729300000000001
1.75828
1.75339
1.74363
1.73874
1.73386
1.71921
1.70944
1.69967
1.6899000000000002
1.6801300000000001
1.6703700000000001
1.6606
1.65571
1.65083
1.64106
1.63129
1.62641
1.61664
1.61176
1.59711
1.5922200000000002
1.5775700000000001
1.5678
1.55803
1.54338
1.53361
1.52385
1.50919
1.50431
1.4847700000000001
1.4750100000000002
1.46524
1.46035
1.45059
1.43593
1.43105
1.42128
1.40663
1.39198
1.3773300000000002
1.36756
1.34802
1.33825
1.3187200000000001
1.30895
1.2943
1.27965
1.26499
1.25523
1.24057
1.23081
1.21615
1.2015
1.18197
1.1722000000000001
1.14778
1.13313
1.11359
1.094054
1.074518
1.059866
1.04033
1.025678
1.011026
0.99149
0.971954
0.957302
0.937766
0.923114
0.89869
0.88404
0.85962
0.8352
0.8107800000000001
0.79125
0.76683
0.74241
0.71799
0.69845
0.66915
0.65449
0.63007
0.60565
0.58123
0.55681
0.53239
0.50797
0.47867000000000004
0.44937000000000005
0.42495000000000005
0.40053000000000005
0.37122
0.34192
0.31261000000000005
0.29308
0.25889000000000006
0.23935000000000006
0.21982000000000002
0.20028
0.18075000000000008
0.16121000000000008
0.15144000000000002
0.13679000000000008
0.11725000000000008
0.11237000000000008
0.09772000000000003
0.08307000000000009
0.07330000000000003
0.06841000000000008
0.05376000000000003
0.048880000000000035
0.03422999999999998
0.029340000000000033
0.03422999999999998
0.029340000000000033
0.029340000000000033
0.024460000000000037
0.024460000000000037
0.024460000000000037
0.019570000000000087
0.024460000000000037
0.019570000000000087
0.014690000000000092
0.009809999999999985
0.009809999999999985
0.014690000000000092
0.014690000000000092
0.009809999999999985
0.009809999999999985
0.009809999999999985
0.009809999999999985
0.009809999999999985
0.014690000000000092
0.014690000000000092
0.014690000000000092
0.014690000000000092
0.019570000000000087
0.014690000000000092
0.014690000000000092
0.019570000000000087
0.019570000000000087
0.019570000000000087
0.009809999999999985
0.0049200000000000355
0.0049200000000000355
0.009809999999999985
0.009809999999999985
0.009809999999999985
0.014690000000000092
0.014690000000000092
0.019570000000000087
0.019570000000000087
0.019570000000000087
0.019570000000000087
0.019570000000000087
0.019570000000000087
0.019570000000000087
0.009809999999999985
0.014690000000000092
0.014690000000000092
0.009809999999999985
0.009809999999999985
0.009809999999999985
0.014690000000000092
0.009809999999999985
0.014690000000000092
