-0.98901
-0.98413
-0.98901
-0.98901
-0.98901
-0.98901
-0.99389
-0.99389
-0.99389
-0.99389
-0.99389
-0.99389
-0.99389
-0.98901
-0.98413
-0.98413
-0.98901
-0.98413
-0.98901
-0.98901
-0.98413
-0.98901
-0.98901
-0.99389
-0.99389
-0.98901
-0.98901
-0.99878
-0.98901
-0.99389
-0.98901
-0.98901
-0.98413
-0.98413
-0.98901
-0.98901
-0.98901
-0.98901
-0.99389
-0.99878
-1.0037
-0.99878
-0.99878
-0.99389
-0.99389
-0.99389
-0.99389
-0.99389
-0.99389
-0.98901
-0.98901
-0.97924
-0.97436
-0.98413
-0.98413
-0.98901
-0.98413
-0.99878
-0.98901
-0.96459
-0.91087
-0.60317
0.9304
1.1941
1.2821
1.3065
1.2918
1.2772
1.2527
1.2332
1.2137
1.1893
1.1746
1.1551
1.1355
1.1258
1.116
1.0965
1.0965
1.0867
1.0818
1.0769
1.072
1.072
1.0672
1.0574
1.0623
1.0574
1.0525
1.0427
1.0379
1.0427
1.0379
1.033
1.033
1.033
1.0379
1.0281
1.0281
1.0281
1.0183
1.0183
1.0134
1.0037
1.0037
0.99389
0.98901
0.98901
0.97924
0.96947
0.96947
0.96459
0.95971
0.95971
0.95482
0.95482
0.94505
0.94505
0.9304
0.92552
0.91575
0.91087
0.9011
0.89133
0.88156
0.88156
0.86691
0.86691
0.86203
0.85714
0.85226
0.84737
0.83761
0.83761
0.82784
0.81807
0.81319
0.80342
0.78877
0.78388
0.76923
0.76923
0.75458
0.75458
0.74969
0.73993
0.73504
0.72527
0.71551
0.71551
0.70085
0.69109
0.6862
0.67155
0.66667
0.65201
0.64225
0.63736
0.62271
0.61783
0.60806
0.59829
0.59341
0.58852
0.57875
0.56899
0.55922
0.54945
0.5348
0.52015
0.51038
0.50061
0.49084
0.47619
0.46154
0.45665
0.43712
0.42735
0.42247
0.4127
0.40293
0.39316
0.37363
0.36874
0.34921
0.33944
0.3199
0.31013
0.29548
0.27595
0.25641
0.24664
0.22711
0.21734
0.20757
0.18803
0.17827
0.16361
0.14408
0.13919
0.11477
0.095238
0.080586
0.06105
0.046398
0.026862
0.002442
-0.01221
-0.031746
-0.046398
-0.065934
-0.090354
-0.10501
-0.12454
-0.14408
-0.15873
-0.18803
-0.20757
-0.22711
-0.25641
-0.28083
-0.30037
-0.32479
-0.35409
-0.38339
-0.39805
-0.42735
-0.45177
-0.47619
-0.50061
-0.52503
-0.54945
-0.57875
-0.60317
-0.63248
-0.66178
-0.6862
-0.71551
-0.73993
-0.76435
-0.79365
-0.8083
-0.83272
-0.84737
-0.86203
-0.87668
-0.88645
-0.90598
-0.91087
-0.91575
-0.9304
-0.93529
-0.94505
-0.95482
-0.95971
-0.96947
-0.97436
-0.97436
-0.98413
-0.98413
-0.98413
-0.98413
-0.98413
-0.98413
-0.97924
-0.97924
-0.98901
-0.98413
-0.99389
-0.98901
-0.99389
-0.98901
-0.99389
-0.99878
-1.0037
-0.99389
-0.99389
-0.99389
-0.98901
-0.99389
-0.98901
-0.98901
-0.99389
-0.98413
-0.98901
-0.99389
-0.99389
-0.98901
-0.99389
-0.99878
-0.99878
-0.99389
-0.99878
-0.99389
-0.99389
-0.98901
-0.98901
-0.98901
-0.98413
-0.97924
-0.98901
-0.98413
-0.98413
-0.98901
-0.98901
-0.98901
-0.99389
-0.98901
-0.99389
-0.99389
-0.99389
-0.98901
-0.98901
-0.98413
-0.98413
-0.97924
-0.98413
-0.98413
-0.98901
-0.98413
-0.98901
-0.98413
-0.98901
-0.99389
-0.99389
-0.99389
-0.99389
-0.99389
-0.98901
-0.98901
-0.98413
-0.98413
-0.98901
-0.98413
-0.98413
-0.98901
-0.98901
-0.98901
-0.98901
-0.99389
-0.99878
-0.99389
-0.99878
-0.99389
-0.99389
-0.98901
-0.99389
-0.98901
-0.98901
-0.98413
-0.98901
-0.98901
-0.98901
-0.98901
-0.99389
-0.98901
-0.99389
-0.99389
-0.99878
-0.99878
-0.99389
-0.99389
-0.99389
-0.98901
-0.98413
-0.98413
-0.98901
-0.98413
-0.98901
-0.98901
-0.99389
-0.98413
-0.97436
-0.98901
-0.99389
-0.98901
-0.98413
-0.99878
-0.98413
-0.95482
-0.90598
-0.59829
0.9304
1.199
1.2772
1.2918
1.2821
1.2723
1.2527
1.2283
1.2088
1.1893
1.1697
1.1551
1.1453
1.1258
1.116
1.1062
1.1013
1.0965
1.0818
1.0769
1.072
1.0672
1.0672
1.0623
1.0525
1.0476
1.0427
1.0476
1.0427
1.0427
1.0427
1.0427
1.0427
1.0427
1.033
1.033
1.0281
1.0232
1.0183
1.0134
1.0085
0.99878
0.99389
0.99389
0.98901
0.99389
0.97924
0.97924
0.97436
0.97436
0.96459
0.96459
0.95971
0.94994
0.93529
0.93529
0.92552
0.92063
0.90598
0.90598
0.9011
0.89621
0.89133
0.88156
0.87668
0.87179
0.86691
0.86203
0.85226
0.84249
0.83761
0.83272
0.82295
0.81319
0.79853
0.79853
0.78388
0.779
0.77411
0.76923
0.76923
0.75458
0.74969
0.73993
0.73504
0.73016
0.71551
0.70574
0.69597
0.6862
0.67643
0.66667
0.6569
0.65201
0.64713
0.63736
0.62759
0.62271
0.61294
0.60806
0.59341
0.58852
0.57387
0.5641
0.55433
0.53968
0.52991
0.52015
0.50549
0.50061
0.48107
0.47131
0.46154
0.45665
0.44689
0.43223
0.42735
0.41758
0.40293
0.38828
0.37363
0.36386
0.34432
0.33455
0.31502
0.30525
0.2906
0.27595
0.26129
0.25153
0.23687
0.22711
0.21245
0.1978
0.17827
0.1685
0.14408
0.12943
0.10989
0.090354
0.070818
0.056166
0.03663
0.021978
0.007326
-0.01221
-0.031746
-0.046398
-0.065934
-0.080586
-0.10501
-0.11966
-0.14408
-0.1685
-0.19292
-0.21245
-0.23687
-0.26129
-0.28571
-0.30525
-0.33455
-0.34921
-0.37363
-0.39805
-0.42247
-0.44689
-0.47131
-0.49573
-0.52503
-0.55433
-0.57875
-0.60317
-0.63248
-0.66178
-0.69109
-0.71062
-0.74481
-0.76435
-0.78388
-0.80342
-0.82295
-0.84249
-0.85226
-0.86691
-0.88645
-0.89133
-0.90598
-0.92063
-0.9304
-0.93529
-0.94994
-0.95482
-0.96947
-0.97436
-0.96947
-0.97436
-0.97436
-0.97924
-0.97924
-0.97924
-0.98413
-0.97924
-0.98413
-0.98901
-0.99389
-0.99389
-0.98901
-0.98901
-0.99389
-0.99389
-0.99389
-0.99389
-0.99389
-0.98901
-0.98901
-0.98901
-0.98901
-0.98413
-0.98901
-0.98901
-0.98413
-0.98413
-0.98413
-0.99389
-0.99878
-0.99878
-0.99389
-0.99389
-0.99389
-0.98901
-0.98901
-0.98413
-0.98413
-0.98413
-0.98413
-0.98413
-0.98413
-0.98413
-0.99389
-0.98901
-0.98901
-0.99389
-0.99389
-0.99389
-0.98901
-0.99389
-0.98901