0.019490000000000007
0.019490000000000007
0.0146099999999999
0.009719999999999951
0.0146099999999999
0.009719999999999951
0.0047999999999999154
0.0047999999999999154
0.0047999999999999154
0.0047999999999999154
0.009719999999999951
0.009719999999999951
0.0146099999999999
0.0146099999999999
0.0146099999999999
0.019490000000000007
0.0146099999999999
0.0146099999999999
0.0146099999999999
0.0146099999999999
0.009719999999999951
0.0146099999999999
0.009719999999999951
0.009719999999999951
0.009719999999999951
0.0047999999999999154
0.009719999999999951
0.009719999999999951
0.009719999999999951
0.009719999999999951
0.0146099999999999
0.0146099999999999
0.019490000000000007
0.0146099999999999
0.019490000000000007
0.009719999999999951
0.009719999999999951
0.0146099999999999
0.009719999999999951
0.009719999999999951
0.0047999999999999154
0.0047999999999999154
0.0047999999999999154
0.0047999999999999154
0.0
0.0047999999999999154
0.0047999999999999154
0.009719999999999951
0.0146099999999999
0.019490000000000007
0.019490000000000007
0.009719999999999951
0.009719999999999951
0.0047999999999999154
0.009719999999999951
0.009719999999999951
0.0
0.0
0.0047999999999999154
0.0
0.009719999999999951
0.009719999999999951
0.009719999999999951
0.0146099999999999
0.009719999999999951
0.0146099999999999
0.0146099999999999
0.0146099999999999
0.0146099999999999
0.009719999999999951
0.009719999999999951
0.009719999999999951
0.0047999999999999154
0.0
0.0047999999999999154
0.0047999999999999154
0.0047999999999999154
0.0047999999999999154
0.0047999999999999154
0.0047999999999999154
0.009719999999999951
0.0146099999999999
0.009719999999999951
0.0146099999999999
0.009719999999999951
0.009719999999999951
0.0047999999999999154
0.0047999999999999154
0.0047999999999999154
0.0047999999999999154
0.0
0.0146099999999999
0.019490000000000007
0.0146099999999999
0.0146099999999999
0.0146099999999999
0.024370000000000003
0.009719999999999951
0.029259999999999953
0.05367999999999995
0.11717
0.7472099999999999
2.017
2.2319
2.2954
2.3003
2.2857
2.2661
2.2466
2.2271
2.2123999999999997
2.1929
2.1782
2.1635999999999997
2.144
2.1342999999999996
2.1294
2.1098
2.105
2.1001
2.0903
2.0854
2.0805
2.0757
2.0708
2.0659
2.0708
2.0659
2.0659
2.0659
2.0659
2.0708
2.0659
2.061
2.061
2.061
2.061
2.0511999999999997
2.0511999999999997
2.0464
2.0366
2.0317
2.0366
2.0317
2.0219
2.0267999999999997
2.0219
2.017
2.017
2.0122
2.0122
1.99751
1.99751
1.98774
1.98286
1.98286
1.96821
1.95844
1.95844
1.94867
1.94867
1.94867
1.94379
1.9388999999999998
1.9388999999999998
1.9340199999999999
1.9242499999999998
1.9193699999999998
1.91448
1.9096
1.89983
1.89006
1.88518
1.87541
1.87053
1.86076
1.85587
1.85099
1.85099
1.8412199999999999
1.8363399999999999
1.8314499999999998
1.8314499999999998
1.8216899999999998
1.8168
1.80703
1.79727
1.7875
1.77773
1.77285
1.76308
1.75331
1.74843
1.7435399999999999
1.7386599999999999
1.7337699999999998
1.7240099999999998
1.71912
1.71424
1.70447
1.69959
1.68982
1.68493
1.67028
1.66051
1.65563
1.6409799999999999
1.6360899999999998
1.6312099999999998
1.61656
1.61656
1.60679
1.59702
1.59214
1.57749
1.57749
1.56772
1.55307
1.54818
1.5384099999999998
1.5286499999999998
1.51399
1.50423
1.48957
1.48469
1.47004
1.45539
1.4505
1.4407299999999998
1.4309699999999999
1.4212
1.41631
1.40655
1.39189
1.38213
1.36747
1.34794
1.3381699999999999
1.32352
1.31375
1.2991
1.27956
1.26979
1.25514
1.2404899999999999
1.23072
1.22095
1.2063
1.1965299999999999
1.177
1.16723
1.1476899999999999
1.12816
1.11351
1.0939699999999999
1.079318
1.059782
1.035362
1.025594
1.001174
0.9865219999999999
0.9718699999999999
0.9523339999999999
0.9376819999999999
0.9181459999999999
0.9034899999999999
0.88396
0.85954
0.8448899999999999
0.8204699999999999
0.7960499999999999
0.7716299999999999
0.7472099999999999
0.7227899999999999
0.6983699999999999
0.6739499999999999
0.6544099999999999
0.6299899999999999
0.6104499999999999
0.5811499999999999
0.5616099999999999
0.53719
0.51277
0.48346999999999996
0.45904999999999996
0.42974999999999997
0.4004399999999999
0.3711399999999999
0.3467199999999999
0.31740999999999997
0.28811
0.25881
0.24414999999999998
0.21972999999999998
0.19530999999999998
0.18065999999999993
0.16601
0.15135999999999994
0.13671
0.11717
0.10739999999999994
0.09275
0.08297999999999994
0.07321
0.06833
0.058559999999999945
0.043910000000000005
0.0390299999999999
0.0390299999999999
0.029259999999999953
0.029259999999999953
0.024370000000000003
0.024370000000000003
0.024370000000000003
0.024370000000000003
0.024370000000000003
0.024370000000000003
0.019490000000000007
0.024370000000000003
0.024370000000000003
0.0146099999999999
0.019490000000000007
0.0146099999999999
0.009719999999999951
0.009719999999999951
0.009719999999999951
0.0146099999999999
0.0146099999999999
0.0146099999999999
0.0146099999999999
0.019490000000000007
0.024370000000000003
0.024370000000000003
0.019490000000000007
0.019490000000000007
0.0146099999999999
0.0146099999999999
0.0146099999999999
0.0146099999999999
0.0146099999999999
0.009719999999999951
0.0047999999999999154
0.0146099999999999
0.0146099999999999
0.009719999999999951
0.019490000000000007
0.0146099999999999
0.0146099999999999
0.0146099999999999
0.0146099999999999
0.024370000000000003
0.019490000000000007
0.0146099999999999
0.0146099999999999
0.019490000000000007
0.0146099999999999
0.009719999999999951
0.009719999999999951
0.0146099999999999
0.009719999999999951
0.0146099999999999
0.0146099999999999
0.0146099999999999
0.019490000000000007
0.0146099999999999
0.019490000000000007
0.024370000000000003
0.019490000000000007
0.024370000000000003
0.024370000000000003
0.019490000000000007
0.0146099999999999
0.0146099999999999
0.009719999999999951
0.0146099999999999
0.009719999999999951
0.009719999999999951
0.009719999999999951
0.0146099999999999
0.0146099999999999
0.019490000000000007
0.019490000000000007
0.029259999999999953
0.019490000000000007
0.024370000000000003
0.0146099999999999
0.019490000000000007
0.0146099999999999
0.0146099999999999
0.009719999999999951
0.009719999999999951
0.0047999999999999154
0.0146099999999999
0.009719999999999951
0.009719999999999951
0.0146099999999999
0.0146099999999999
0.0146099999999999
0.019490000000000007
0.0146099999999999
0.019490000000000007
0.019490000000000007
0.0146099999999999
0.019490000000000007
0.0146099999999999
0.0146099999999999
0.009719999999999951
0.0047999999999999154
0.009719999999999951
0.0047999999999999154
0.009719999999999951
0.009719999999999951
0.0146099999999999
0.0146099999999999
0.0146099999999999
0.019490000000000007
0.019490000000000007
0.0146099999999999
0.0146099999999999
0.0146099999999999
0.009719999999999951
0.0047999999999999154
0.0047999999999999154
0.0
0.009719999999999951
0.0047999999999999154
0.0047999999999999154
0.009719999999999951
0.009719999999999951
0.0146099999999999
0.0146099999999999
0.019490000000000007
0.019490000000000007
0.009719999999999951
0.019490000000000007
0.0146099999999999
0.009719999999999951
0.0146099999999999
0.009719999999999951
0.009719999999999951
0.0047999999999999154
0.0
0.009719999999999951
0.009719999999999951
0.0047999999999999154
0.009719999999999951
0.0047999999999999154
0.0146099999999999
0.009719999999999951
0.009719999999999951
0.0146099999999999
0.009719999999999951
0.009719999999999951
0.009719999999999951
0.009719999999999951
0.009719999999999951
0.0
0.0
0.0047999999999999154
0.0
0.0047999999999999154
0.009719999999999951
0.0047999999999999154
0.009719999999999951
0.009719999999999951
0.0146099999999999
0.0146099999999999
0.009719999999999951
0.009719999999999951
0.009719999999999951
0.0047999999999999154
0.009719999999999951
0.0047999999999999154
0.0047999999999999154
0.009719999999999951
0.0047999999999999154
0.0047999999999999154
0.0047999999999999154
0.009719999999999951
0.009719999999999951
0.0146099999999999
0.009719999999999951
0.019490000000000007
0.009719999999999951
0.0146099999999999
0.0146099999999999
0.009719999999999951
0.009719999999999951
0.009719999999999951
0.0047999999999999154
0.0
0.0047999999999999154
0.024370000000000003
0.0146099999999999
0.0146099999999999
0.019490000000000007
0.024370000000000003
0.0146099999999999
0.019490000000000007
0.05367999999999995
0.11717
0.76186
2.017
2.2319
2.2954
2.3003
2.2857
2.2661
2.2466
2.2271
2.2123999999999997
2.1978
2.1782
2.1586999999999996
2.144
2.1391
2.1294
2.1147
2.105
2.1001
2.0952
2.0903
2.0805
2.0708
2.0757
2.0659
2.0708
2.0659
2.0708
2.0659
2.0659
2.0708
2.0708
2.061
2.0659
2.0561
2.0561
2.0511999999999997
2.0511999999999997
2.0415
2.0415
2.0267999999999997
2.0366
2.0267999999999997
2.0219
2.0219
2.017
2.017
2.017
2.0122
2.017
2.00239
1.99751
1.98774
1.98286
1.97797
1.96821
1.95844
1.96332
1.94867
1.95355
1.94867
1.94379
1.9388999999999998
1.9340199999999999
1.9340199999999999
1.9291299999999998
1.91448
1.9096
1.90471
1.89983
1.89006
1.88518
1.87053
1.87541
1.85587
1.85587
1.85099
1.84611
1.8412199999999999
1.8363399999999999
1.8314499999999998
1.8265699999999998
1.8168
1.81192
1.80215
1.79238
1.7875
1.77773
1.77285
1.76308
1.75331
1.74843
1.7435399999999999
1.7386599999999999
1.7288899999999998
1.7240099999999998
1.7240099999999998
1.71424
1.69959
1.69959
1.68982
1.68005
1.67028
1.66051
1.65563
1.6409799999999999
1.6312099999999998
1.6312099999999998
1.61656
1.61167
1.60191
1.59702
1.58725
1.58237
1.57749
1.56772
1.55307
1.5433
1.5335299999999998
1.52376
1.51399
1.49934
1.48957
1.48469
1.46515
1.46027
1.4505
1.4407299999999998
1.4309699999999999
1.4212
1.41143
1.40655
1.38701
1.37724
1.36747
1.35282
1.3430499999999999
1.32352
1.30398
1.29421
1.27956
1.27468
1.25514
1.2453699999999999
1.23072
1.21607
1.2063
1.1916499999999999
1.17211
1.16723
1.1476899999999999
1.12816
1.10862
1.0939699999999999
1.074434
1.054898
1.035362
1.025594
1.006058
0.9865219999999999
0.9718699999999999
0.9572179999999999
0.9376819999999999
0.9181459999999999
0.8986099999999999
0.88396
0.85954
0.84
0.81558
0.7960499999999999
0.7765099999999999
0.7472099999999999
0.7227899999999999
0.7032499999999999
0.6739499999999999
0.6495299999999999
0.6299899999999999
0.6104499999999999
0.5811499999999999
0.5616099999999999
0.53719
0.51277
0.47858999999999996
0.45904999999999996
0.42974999999999997
0.4004399999999999
0.3711399999999999
0.3467199999999999
0.31740999999999997
0.28811
0.26369
0.24414999999999998
0.21972999999999998
0.20507999999999993
0.18065999999999993
0.16601
0.14647
0.13671
0.11717
0.11229
0.09763
0.08297999999999994
0.07321
0.06345
0.05367999999999995
0.043910000000000005
0.0390299999999999
0.0390299999999999
0.024370000000000003
0.029259999999999953
0.029259999999999953
0.029259999999999953
0.029259999999999953
0.029259999999999953
0.024370000000000003
0.024370000000000003
0.019490000000000007
0.024370000000000003
0.019490000000000007
0.0146099999999999
0.0146099999999999
0.0146099999999999
0.009719999999999951
0.0146099999999999
0.009719999999999951
0.0146099999999999
0.009719999999999951
0.0146099999999999
0.0146099999999999
0.019490000000000007
0.024370000000000003
0.019490000000000007
0.019490000000000007
0.019490000000000007
0.019490000000000007
0.019490000000000007
0.0146099999999999
0.019490000000000007
0.0146099999999999
0.009719999999999951
0.009719999999999951
0.0146099999999999
0.0146099999999999
0.0146099999999999
0.0146099999999999
0.0146099999999999
0.019490000000000007
0.024370000000000003
0.019490000000000007
0.024370000000000003
0.019490000000000007
0.019490000000000007
0.0146099999999999
0.0146099999999999
0.0146099999999999
0.0146099999999999
0.009719999999999951
0.009719999999999951
0.009719999999999951
0.009719999999999951
0.0146099999999999
0.019490000000000007
0.0146099999999999
0.019490000000000007
0.024370000000000003
0.024370000000000003
0.019490000000000007
0.019490000000000007
0.019490000000000007
0.019490000000000007
0.019490000000000007
0.0146099999999999
0.009719999999999951
0.0146099999999999
0.009719999999999951
0.009719999999999951
0.0146099999999999
0.0146099999999999
0.0146099999999999
