0.019570000000000087
0.019570000000000087
0.014690000000000092
0.014690000000000092
0.014690000000000092
0.009809999999999985
0.009809999999999985
0.0049200000000000355
0.0049200000000000355
0.0049200000000000355
0.0049200000000000355
0.009809999999999985
0.009809999999999985
0.014690000000000092
0.014690000000000092
0.019570000000000087
0.014690000000000092
0.019570000000000087
0.014690000000000092
0.014690000000000092
0.014690000000000092
0.009809999999999985
0.009809999999999985
0.0049200000000000355
0.0049200000000000355
0.009809999999999985
0.009809999999999985
0.014690000000000092
0.009809999999999985
0.009809999999999985
0.014690000000000092
0.014690000000000092
0.014690000000000092
0.024460000000000037
0.014690000000000092
0.014690000000000092
0.014690000000000092
0.009809999999999985
0.009809999999999985
0.009809999999999985
0.009809999999999985
0.009809999999999985
0.0049200000000000355
0.0049200000000000355
0.0049200000000000355
0.009809999999999985
0.009809999999999985
0.014690000000000092
0.014690000000000092
0.019570000000000087
0.009809999999999985
0.014690000000000092
0.014690000000000092
0.014690000000000092
0.014690000000000092
0.014690000000000092
0.009809999999999985
0.0049200000000000355
0.0
0.009809999999999985
0.0049200000000000355
0.009809999999999985
0.014690000000000092
0.014690000000000092
0.014690000000000092
0.019570000000000087
0.009809999999999985
0.019570000000000087
0.014690000000000092
0.014690000000000092
0.009809999999999985
0.009809999999999985
0.009809999999999985
0.0049200000000000355
0.0
0.009809999999999985
0.0049200000000000355
0.009809999999999985
0.009809999999999985
0.009809999999999985
0.009809999999999985
0.009809999999999985
0.014690000000000092
0.019570000000000087
0.009809999999999985
0.009809999999999985
0.009809999999999985
0.009809999999999985
0.009809999999999985
0.009809999999999985
0.0049200000000000355
0.019570000000000087
0.024460000000000037
0.014690000000000092
0.014690000000000092
0.019570000000000087
0.024460000000000037
0.014690000000000092
0.024460000000000037
0.06841000000000008
0.14656000000000002
1.5775700000000001
2.0953
2.2613000000000003
2.2955
2.2906
2.276
2.2613000000000003
2.2369000000000003
2.2222999999999997
2.1978
2.1783
2.1637
2.1539
2.1391999999999998
2.1295
2.1148
2.1148
2.105
2.0953
2.0904
2.0855
2.0806
2.0709
2.066
2.0709
2.0610999999999997
2.066
2.066
2.0709
2.066
2.066
2.066
2.0709
2.0610999999999997
2.0610999999999997
2.0562
2.0513000000000003
2.0464
2.0464
2.0366999999999997
2.0416
2.0318
2.0318
2.0269000000000004
2.0269000000000004
2.0220000000000002
2.0220000000000002
2.0171
2.0220000000000002
2.0074
2.0074
1.9975900000000002
1.99271
1.98783
1.9829400000000001
1.97317
1.96829
1.96341
1.96829
1.95852
1.94875
1.94875
1.94875
1.94387
1.93899
1.92922
1.92922
1.9243299999999999
1.9145699999999999
1.9048
1.9048
1.89503
1.8852600000000002
1.87549
1.87549
1.86573
1.86573
1.85596
1.85596
1.85107
1.84619
1.84131
1.84131
1.83154
1.82177
1.81689
1.812
1.80223
1.79247
1.7827000000000002
1.7827000000000002
1.7680500000000001
1.76316
1.76316
1.75828
1.75339
1.74851
1.73874
1.73874
1.72409
1.72409
1.70944
1.69967
1.69479
1.6899000000000002
1.6801300000000001
1.66548
1.65571
1.65571
1.65083
1.64106
1.65083
1.62641
1.62153
1.61664
1.60687
1.60199
1.5922200000000002
1.5873400000000002
1.5726900000000001
1.56292
1.55315
1.54338
1.52873
1.52873
1.5140799999999999
1.50919
1.49943
1.48966
1.4847700000000001
1.4750100000000002
1.46524
1.46035
1.45059
1.43593
1.42617
1.40663
1.39686
1.3870900000000002
1.37244
1.36756
1.34802
1.34314
1.32849
1.3236
1.30407
1.2943
1.2894100000000002
1.27965
1.25523
1.24546
1.23081
1.21127
1.2015
1.18197
1.16731
1.14778
1.1282400000000001
1.1233600000000001
1.10871
1.08917
1.079402
1.059866
1.045214
1.025678
1.011026
0.996374
0.976838
0.957302
0.937766
0.91823
0.89869
0.8742700000000001
0.84985
0.8352
0.8107800000000001
0.79613
0.77659
0.75217
0.73264
0.7131000000000001
0.68868
0.67403
0.63984
0.6154200000000001
0.591
0.5617000000000001
0.53239
0.50797
0.47867000000000004
0.45425000000000004
0.42495000000000005
0.40053000000000005
0.37611000000000006
0.3468
0.32727000000000006
0.29796
0.27843000000000007
0.25889000000000006
0.22959000000000007
0.21493000000000007
0.18563000000000007
0.17098000000000002
0.14656000000000002
0.13191000000000008
0.12214000000000003
0.10260000000000002
0.08795000000000008
0.08307000000000009
0.07818000000000003
0.06353000000000009
0.06353000000000009
0.05865000000000009
0.05376000000000003
0.048880000000000035
0.03911000000000009
0.043990000000000085
0.03911000000000009
0.029340000000000033
0.029340000000000033
0.024460000000000037
0.024460000000000037
0.014690000000000092
0.014690000000000092
0.019570000000000087
0.014690000000000092
0.014690000000000092
0.014690000000000092
0.019570000000000087
0.019570000000000087
0.024460000000000037
0.024460000000000037
0.029340000000000033
0.019570000000000087
0.019570000000000087
0.019570000000000087
0.019570000000000087
0.019570000000000087
0.019570000000000087
0.014690000000000092
0.019570000000000087
0.014690000000000092
0.019570000000000087
0.014690000000000092
0.019570000000000087
0.019570000000000087
0.024460000000000037
0.024460000000000037
0.029340000000000033
0.024460000000000037
0.029340000000000033
0.029340000000000033
0.029340000000000033
0.024460000000000037
0.024460000000000037
0.019570000000000087
0.014690000000000092
0.014690000000000092
0.019570000000000087
0.019570000000000087
0.019570000000000087
0.024460000000000037
0.024460000000000037
0.024460000000000037
0.029340000000000033
0.019570000000000087
0.029340000000000033
0.024460000000000037
0.019570000000000087
0.014690000000000092
0.019570000000000087
0.019570000000000087
0.019570000000000087
0.014690000000000092
0.019570000000000087
0.014690000000000092
0.019570000000000087
0.019570000000000087
0.024460000000000037
0.019570000000000087
0.024460000000000037
0.024460000000000037
0.029340000000000033
0.024460000000000037
0.024460000000000037
0.024460000000000037
0.024460000000000037
0.024460000000000037
0.019570000000000087
0.014690000000000092
0.024460000000000037
0.014690000000000092
0.019570000000000087
0.014690000000000092
0.024460000000000037
0.024460000000000037
0.024460000000000037
0.024460000000000037
0.029340000000000033
0.024460000000000037
0.024460000000000037
0.024460000000000037
0.019570000000000087
0.019570000000000087
0.019570000000000087
0.014690000000000092
0.009809999999999985
0.0049200000000000355
0.014690000000000092
0.014690000000000092
0.014690000000000092
0.019570000000000087
0.019570000000000087
0.019570000000000087
0.019570000000000087
0.019570000000000087
0.024460000000000037
0.024460000000000037
0.014690000000000092
0.019570000000000087
0.014690000000000092
0.014690000000000092
0.009809999999999985
0.009809999999999985
0.014690000000000092
0.009809999999999985
0.014690000000000092
0.014690000000000092
0.019570000000000087
0.019570000000000087
0.019570000000000087
0.024460000000000037
0.029340000000000033
0.019570000000000087
0.014690000000000092
0.024460000000000037
0.019570000000000087
0.019570000000000087
0.014690000000000092
0.009809999999999985
0.014690000000000092
0.009809999999999985
0.009809999999999985
0.014690000000000092
0.014690000000000092
0.014690000000000092
0.014690000000000092
0.019570000000000087
0.024460000000000037
0.014690000000000092
0.019570000000000087
0.019570000000000087
0.014690000000000092
0.009809999999999985
0.009809999999999985
0.014690000000000092
0.009809999999999985
0.0049200000000000355
0.009809999999999985
0.014690000000000092
0.009809999999999985
0.014690000000000092
0.014690000000000092
0.019570000000000087
0.019570000000000087
0.014690000000000092
0.024460000000000037
0.019570000000000087
0.014690000000000092
0.014690000000000092
0.014690000000000092
0.009809999999999985
0.009809999999999985
0.009809999999999985
0.009809999999999985
0.0049200000000000355
0.009809999999999985
0.009809999999999985
0.014690000000000092
0.014690000000000092
0.019570000000000087
0.019570000000000087
0.019570000000000087
0.009809999999999985
0.014690000000000092
0.014690000000000092
0.014690000000000092
0.009809999999999985
0.009809999999999985
0.0049200000000000355
0.009809999999999985
0.0
0.0049200000000000355
0.0049200000000000355
0.0049200000000000355
0.009809999999999985
0.014690000000000092
0.014690000000000092
0.019570000000000087
0.014690000000000092
0.019570000000000087
0.014690000000000092
0.014690000000000092
0.014690000000000092
0.014690000000000092
0.009809999999999985
0.0049200000000000355
0.0
0.0049200000000000355
0.0049200000000000355
0.009809999999999985
0.009809999999999985
0.014690000000000092
0.014690000000000092
0.014690000000000092
0.009809999999999985
0.014690000000000092
0.009809999999999985
0.009809999999999985
0.009809999999999985
0.0049200000000000355
0.009809999999999985
0.0049200000000000355
0.0049200000000000355
0.009809999999999985
0.0049200000000000355
0.009809999999999985
0.0049200000000000355
0.009809999999999985
0.009809999999999985
0.009809999999999985
0.009809999999999985
0.014690000000000092
0.009809999999999985
0.014690000000000092
0.009809999999999985
0.009809999999999985
0.009809999999999985
0.009809999999999985
0.0049200000000000355
0.0049200000000000355
0.0049200000000000355
0.0
0.0049200000000000355
0.009809999999999985
0.0049200000000000355
0.009809999999999985
0.014690000000000092
0.019570000000000087
0.009809999999999985
0.014690000000000092
0.014690000000000092
0.009809999999999985
0.009809999999999985
0.009809999999999985
0.0049200000000000355
0.0049200000000000355
0.0
0.0049200000000000355
0.0049200000000000355
0.0049200000000000355
0.009809999999999985
0.009809999999999985
0.014690000000000092
0.014690000000000092
0.0049200000000000355
0.014690000000000092
0.009809999999999985
0.009809999999999985
0.0049200000000000355
0.009809999999999985
0.009809999999999985
0.0049200000000000355
0.0
0.009809999999999985
0.0
0.0049200000000000355
0.009809999999999985
0.009809999999999985
0.009809999999999985
0.009809999999999985
0.009809999999999985
0.014690000000000092
0.009809999999999985
0.009809999999999985
0.009809999999999985
0.009809999999999985
0.014690000000000092
0.009809999999999985
0.0049200000000000355
0.019570000000000087
0.019570000000000087
0.019570000000000087
0.014690000000000092
0.014690000000000092
0.019570000000000087
0.009809999999999985
0.024460000000000037
0.06841000000000008
0.14167000000000007
1.5824500000000001
2.0953
2.2564
2.2906
2.2906
2.276
2.2564
2.2369000000000003
2.2174
2.193
2.1734
2.1637
2.149
2.1391999999999998
2.1246
2.1148
2.1148
2.105
2.0953
2.0855
2.0806
2.0757000000000003
2.0709
2.0610999999999997
2.066
2.0610999999999997
2.066
2.066
2.066
2.0610999999999997
2.066
2.066
2.066
2.0610999999999997
2.0562
2.0562
2.0513000000000003
2.0513000000000003
2.0464
2.0366999999999997
2.0416
2.0269000000000004
2.0318
2.0269000000000004
2.0269000000000004
2.0269000000000004
2.0220000000000002
2.0220000000000002
2.0220000000000002
2.0074
2.0122
2.0024800000000003
1.9975900000000002
1.99271
1.98783
1.9780600000000002
1.97317
1.96829
1.96341
1.95852
1.95852
1.95364
1.94875
1.94387
1.93899
1.92922
1.9341
1.92922
1.9145699999999999
1.90968
1.9048
1.89503
1.89015
1.8803800000000002
1.87549
1.86573
1.86573
1.86084
1.86084
1.85107
1.84619
1.84131
1.84131
1.83154
1.8266499999999999
1.82177
1.81689
1.80712
1.79735
1.7827000000000002
1.7827000000000002
1.7729300000000001
1.7680500000000001
1.76316
1.75828
1.75339
1.75339
1.74363
1.74363
1.72897
1.72409
1.71432
1.70455
1.69967
1.69479
1.6850200000000002
1.6703700000000001
1.65571
1.6606
1.65083
1.64106
1.63618
1.63129
1.62153
1.62153
1.61176
1.60687
1.5922200000000002
1.5824500000000001
1.5775700000000001
1.5678
1.55803
1.54338
1.5385
1.52873
1.5140799999999999
1.50919
1.50431
1.49454
1.48966
1.4798900000000001
1.47012
1.46524
1.45059
1.43593
1.42617
1.4164
1.40663
1.39198
1.37244
1.36267
1.34802
1.34314
1.33337
1.3236
1.31383
1.29918
1.2894100000000002
1.27965
1.26011
1.25034
1.23081
1.21615
1.20639
1.18685
1.16731
1.14778
1.13313
1.1233600000000001
1.10382
1.094054
1.074518
1.059866
1.050098
1.030562
1.011026
1.001258
0.976838
0.962186
0.937766
0.923114
0.89869
0.87916
0.85474
0.8352
0.8059000000000001
0.79125
0.77171
0.75217
0.73264
0.7082200000000001
0.68868
0.67403
0.63984
0.6105400000000001
0.58612
0.5617000000000001
0.53239
0.50309
0.47379000000000004
0.45425000000000004
0.42006
0.39564
0.37122
0.3468
0.32238
0.30285000000000006
0.27843000000000007
0.25401000000000007
0.22959000000000007
0.21493000000000007
0.19051000000000007
0.17098000000000002
0.15144000000000002
0.13679000000000008
0.11725000000000008
0.10260000000000002
0.08795000000000008
0.08307000000000009
0.07330000000000003
0.06353000000000009
0.05865000000000009
0.05376000000000003
0.05376000000000003
0.048880000000000035
0.03911000000000009
0.043990000000000085
0.03422999999999998
0.029340000000000033
0.024460000000000037
0.029340000000000033
0.019570000000000087
0.014690000000000092
0.014690000000000092
0.014690000000000092
0.014690000000000092
0.014690000000000092
0.014690000000000092
0.014690000000000092
0.019570000000000087
0.019570000000000087
0.024460000000000037
0.024460000000000037
0.019570000000000087
0.019570000000000087
0.019570000000000087
0.019570000000000087
0.014690000000000092
0.019570000000000087
0.014690000000000092
0.019570000000000087
0.014690000000000092
0.019570000000000087
0.019570000000000087
0.019570000000000087
0.019570000000000087
0.019570000000000087
0.024460000000000037
0.029340000000000033
0.019570000000000087
0.024460000000000037
0.024460000000000037
0.024460000000000037
0.019570000000000087
0.024460000000000037
0.014690000000000092
0.014690000000000092
0.009809999999999985
0.019570000000000087
0.014690000000000092
0.014690000000000092
0.014690000000000092
0.014690000000000092
0.019570000000000087
0.024460000000000037
0.019570000000000087
0.024460000000000037
0.024460000000000037
0.019570000000000087
0.014690000000000092
0.014690000000000092
0.014690000000000092
0.014690000000000092
0.009809999999999985
0.019570000000000087
0.014690000000000092
0.014690000000000092
0.014690000000000092
0.019570000000000087
0.019570000000000087
0.024460000000000037
0.024460000000000037
0.029340000000000033
0.024460000000000037
0.019570000000000087
0.019570000000000087
0.024460000000000037
0.019570000000000087
0.019570000000000087
0.019570000000000087
0.019570000000000087
0.014690000000000092
0.014690000000000092
0.014690000000000092
0.014690000000000092
0.019570000000000087
0.019570000000000087
0.019570000000000087
0.024460000000000037
0.019570000000000087
0.024460000000000037
0.019570000000000087
0.019570000000000087
0.014690000000000092
0.014690000000000092
0.009809999999999985
0.009809999999999985
0.0049200000000000355
0.014690000000000092
0.009809999999999985
0.009809999999999985
0.009809999999999985
0.014690000000000092
0.019570000000000087
0.019570000000000087
0.019570000000000087
0.024460000000000037
0.019570000000000087
0.019570000000000087
0.014690000000000092
0.014690000000000092
0.014690000000000092
0.009809999999999985
0.0049200000000000355
0.009809999999999985
0.009809999999999985
0.014690000000000092
