0.010594270312567928
0.010594270312567928
0.008472807894622444
0.008472807894622444
0.008472807894622444
0.006351345476676912
0.006351345476676912
0.004225535799678282
0.004225535799678282
0.004225535799678282
0.004225535799678282
0.006351345476676912
0.006351345476676912
0.008472807894622444
0.008472807894622444
0.010594270312567928
0.008472807894622444
0.010594270312567928
0.008472807894622444
0.008472807894622444
0.008472807894622444
0.006351345476676912
0.006351345476676912
0.004225535799678282
0.004225535799678282
0.006351345476676912
0.006351345476676912
0.008472807894622444
0.006351345476676912
0.006351345476676912
0.008472807894622444
0.008472807894622444
0.008472807894622444
0.012720079989566558
0.008472807894622444
0.008472807894622444
0.008472807894622444
0.006351345476676912
0.006351345476676912
0.006351345476676912
0.006351345476676912
0.006351345476676912
0.004225535799678282
0.004225535799678282
0.004225535799678282
0.006351345476676912
0.006351345476676912
0.008472807894622444
0.008472807894622444
0.010594270312567928
0.006351345476676912
0.008472807894622444
0.008472807894622444
0.008472807894622444
0.008472807894622444
0.008472807894622444
0.006351345476676912
0.004225535799678282
0.0020866843455201126
0.006351345476676912
0.004225535799678282
0.006351345476676912
0.008472807894622444
0.008472807894622444
0.008472807894622444
0.010594270312567928
0.006351345476676912
0.010594270312567928
0.008472807894622444
0.008472807894622444
0.006351345476676912
0.006351345476676912
0.006351345476676912
0.004225535799678282
0.0020866843455201126
0.006351345476676912
0.004225535799678282
0.006351345476676912
0.006351345476676912
0.006351345476676912
0.006351345476676912
0.006351345476676912
0.008472807894622444
0.010594270312567928
0.006351345476676912
0.006351345476676912
0.006351345476676912
0.006351345476676912
0.006351345476676912
0.006351345476676912
0.004225535799678282
0.010594270312567928
0.012720079989566558
0.008472807894622444
0.008472807894622444
0.010594270312567928
0.012720079989566558
0.008472807894622444
0.012720079989566558
0.031826283528235445
0.06580011302873535
0.6878972307959832
0.9129678737555971
0.9851323740381689
1.0
0.9978698430639481
0.9915228448463245
0.9851323740381689
0.9745250619484415
0.9681780637308177
0.9575272790505586
0.949050123896883
0.9427031256792592
0.9384428118071554
0.9320523409990001
0.927835499717428
0.9214450289092727
0.9214450289092727
0.917184715037169
0.9129678737555971
0.9108377168195454
0.9087075598834935
0.9065774029474416
0.9023605616658696
0.900230404729818
0.9023605616658696
0.8981002477937661
0.900230404729818
0.900230404729818
0.9023605616658696
0.900230404729818
0.900230404729818
0.900230404729818
0.9023605616658696
0.8981002477937661
0.8981002477937661
0.8959700908577142
0.8938399339216623
0.8917097769856104
0.8917097769856104
0.8874929357040386
0.8896230926400905
0.8853627787679867
0.8853627787679867
0.8832326218319348
0.8832326218319348
0.8811024648958831
0.8811024648958831
0.8789723079598314
0.8811024648958831
0.8747554666782593
0.8747554666782593
0.8704908055471026
0.868369343129157
0.8662478807112115
0.8641220710342129
0.8598747989392688
0.8577533365213234
0.8556318741033778
0.8577533365213234
0.8535060644263791
0.849258792331435
0.849258792331435
0.849258792331435
0.8471373299134894
0.845015867495544
0.8407685954005999
0.8407685954005999
0.8386427857236012
0.8343998608877102
0.8301525887927661
0.8301525887927661
0.825905316697822
0.821658044602878
0.8174107725079337
0.8174107725079337
0.8131678476720428
0.8131678476720428
0.8089205755770986
0.8089205755770986
0.8067947659000999
0.8046733034821545
0.802551841064209
0.802551841064209
0.7983045689692648
0.7940572968743207
0.7919358344563752
0.7898100247793766
0.7855627526844324
0.7813198278485415
0.7770725557535973
0.7770725557535973
0.7707038212407078
0.7685780115637091
0.7685780115637091
0.7664565491457636
0.764330739468765
0.7622092770508194
0.7579620049558753
0.7579620049558753
0.7515932704429856
0.7515932704429856
0.7452245359300961
0.740977263835152
0.7388558014172064
0.7367299917402078
0.7324827196452637
0.726113985132374
0.7218667130374299
0.7218667130374299
0.7197452506194844
0.7154979785245402
0.7197452506194844
0.7091292440116506
0.7070077815937051
0.7048819719167065
0.7006346998217623
0.6985132374038169
0.6942659653088727
0.6921445028909273
0.6857757683780377
0.6815284962830935
0.6772812241881494
0.6730339520932052
0.6666652175803155
0.6666652175803155
0.6602964830674259
0.6581706733904273
0.6539277485545364
0.6496804764595921
0.6475546667825935
0.6433117419467026
0.6390644698517585
0.6369386601747598
0.6326957353388688
0.626322653566926
0.622079728731035
0.6135851845411467
0.6093379124462026
0.6050906403512586
0.5987219058383689
0.5966004434204234
0.5881058992305351
0.5859844368125896
0.5796157022996999
0.5774898926227013
0.5689996956918663
0.5647524235969221
0.5626266139199235
0.5583836890840325
0.5477676824761988
0.5435204103812545
0.537151675868365
0.5286571316784767
0.5244098595835326
0.5159196626526974
0.5095465808807547
0.5010563839499196
0.4925618397600313
0.49044037734208584
0.4840716428291962
0.47557709863930786
0.4713306959961744
0.46283789070990733
0.4564682867452071
0.4479754814589401
0.44160587749423985
0.43523627352953964
0.4267434682432726
0.4182506629570056
0.4097578576707386
0.4012650523844715
0.39277050819458326
0.3821545015867496
0.3715384949789158
0.36516976046602617
0.3545537538581924
0.34818501934530277
0.33969047515541445
0.3290744685475807
0.3205842716167456
0.31208972742685737
0.30147372081902357
0.29510498630613397
0.28024170760335604
0.2696257009955223
0.2590096943876885
0.24627222536190932
0.23353040907707687
0.22291440246924313
0.2101769334434639
0.19956092683563012
0.18682345780985088
0.1762074512020171
0.16559144459418335
0.15284962830935092
0.14435943137851584
0.1316176150936834
0.12312741816284832
0.11463287397296004
0.1018954049471808
0.095522323175238
0.08278485414945876
0.07641611963656912
0.06580011302873535
0.059431378515845755
0.055184106420901595
0.04668956223101332
0.040320827718123724
0.03819936530017824
0.03607355562317956
0.029704821110289964
0.029704821110289964
0.02758335869234448
0.0254575490153458
0.023336086597400316
0.019088814502456204
0.021210276920401686
0.019088814502456204
0.01484154240751204
0.01484154240751204
0.012720079989566558
0.012720079989566558
0.008472807894622444
0.008472807894622444
0.010594270312567928
0.008472807894622444
0.008472807894622444
0.008472807894622444
0.010594270312567928
0.010594270312567928
0.012720079989566558
0.012720079989566558
0.01484154240751204
0.010594270312567928
0.010594270312567928
0.010594270312567928
0.010594270312567928
0.010594270312567928
0.010594270312567928
0.008472807894622444
0.010594270312567928
0.008472807894622444
0.010594270312567928
0.008472807894622444
0.010594270312567928
0.010594270312567928
0.012720079989566558
0.012720079989566558
0.01484154240751204
0.012720079989566558
0.01484154240751204
0.01484154240751204
0.01484154240751204
0.012720079989566558
0.012720079989566558
0.010594270312567928
0.008472807894622444
0.008472807894622444
0.010594270312567928
0.010594270312567928
0.010594270312567928
0.012720079989566558
0.012720079989566558
0.012720079989566558
0.01484154240751204
0.010594270312567928
0.01484154240751204
0.012720079989566558
0.010594270312567928
0.008472807894622444
0.010594270312567928
0.010594270312567928
0.010594270312567928
0.008472807894622444
0.010594270312567928
0.008472807894622444
0.010594270312567928
0.010594270312567928
0.012720079989566558
0.010594270312567928
0.012720079989566558
0.012720079989566558
0.01484154240751204
0.012720079989566558
0.012720079989566558
0.012720079989566558
0.012720079989566558
0.012720079989566558
0.010594270312567928
0.008472807894622444
0.012720079989566558
0.008472807894622444
0.010594270312567928
0.008472807894622444
0.012720079989566558
0.012720079989566558
0.012720079989566558
0.012720079989566558
0.01484154240751204
0.012720079989566558
0.012720079989566558
0.012720079989566558
0.010594270312567928
0.010594270312567928
0.010594270312567928
0.008472807894622444
0.006351345476676912
0.004225535799678282
0.008472807894622444
0.008472807894622444
0.008472807894622444
0.010594270312567928
0.010594270312567928
0.010594270312567928
0.010594270312567928
0.010594270312567928
0.012720079989566558
0.012720079989566558
0.008472807894622444
0.010594270312567928
0.008472807894622444
0.008472807894622444
0.006351345476676912
0.006351345476676912
0.008472807894622444
0.006351345476676912
0.008472807894622444
0.008472807894622444
0.010594270312567928
0.010594270312567928
0.010594270312567928
0.012720079989566558
0.01484154240751204
0.010594270312567928
0.008472807894622444
0.012720079989566558
0.010594270312567928
0.010594270312567928
0.008472807894622444
0.006351345476676912
0.008472807894622444
0.006351345476676912
0.006351345476676912
0.008472807894622444
0.008472807894622444
0.008472807894622444
0.008472807894622444
0.010594270312567928
0.012720079989566558
0.008472807894622444
0.010594270312567928
0.010594270312567928
0.008472807894622444
0.006351345476676912
0.006351345476676912
0.008472807894622444
0.006351345476676912
0.004225535799678282
0.006351345476676912
0.008472807894622444
0.006351345476676912
0.008472807894622444
0.008472807894622444
0.010594270312567928
0.010594270312567928
0.008472807894622444
0.012720079989566558
0.010594270312567928
0.008472807894622444
0.008472807894622444
0.008472807894622444
0.006351345476676912
0.006351345476676912
0.006351345476676912
0.006351345476676912
0.004225535799678282
0.006351345476676912
0.006351345476676912
0.008472807894622444
0.008472807894622444
0.010594270312567928
0.010594270312567928
0.010594270312567928
0.006351345476676912
0.008472807894622444
0.008472807894622444
0.008472807894622444
0.006351345476676912
0.006351345476676912
0.004225535799678282
0.006351345476676912
0.0020866843455201126
0.004225535799678282
0.004225535799678282
0.004225535799678282
0.006351345476676912
0.008472807894622444
0.008472807894622444
0.010594270312567928
0.008472807894622444
0.010594270312567928
0.008472807894622444
0.008472807894622444
0.008472807894622444
0.008472807894622444
0.006351345476676912
0.004225535799678282
0.0020866843455201126
0.004225535799678282
0.004225535799678282
0.006351345476676912
0.006351345476676912
0.008472807894622444
0.008472807894622444
0.008472807894622444
0.006351345476676912
0.008472807894622444
0.006351345476676912
0.006351345476676912
0.006351345476676912
0.004225535799678282
0.006351345476676912
0.004225535799678282
0.004225535799678282
0.006351345476676912
0.004225535799678282
0.006351345476676912
0.004225535799678282
0.006351345476676912
0.006351345476676912
0.006351345476676912
0.006351345476676912
0.008472807894622444
0.006351345476676912
0.008472807894622444
0.006351345476676912
0.006351345476676912
0.006351345476676912
0.006351345476676912
0.004225535799678282
0.004225535799678282
0.004225535799678282
0.0020866843455201126
0.004225535799678282
0.006351345476676912
0.004225535799678282
0.006351345476676912
0.008472807894622444
0.010594270312567928
0.006351345476676912
0.008472807894622444
0.008472807894622444
0.006351345476676912
0.006351345476676912
0.006351345476676912
0.004225535799678282
0.004225535799678282
0.0020866843455201126
0.004225535799678282
0.004225535799678282
0.004225535799678282
0.006351345476676912
0.006351345476676912
0.008472807894622444
0.008472807894622444
0.004225535799678282
0.008472807894622444
0.006351345476676912
0.006351345476676912
0.004225535799678282
0.006351345476676912
0.006351345476676912
0.004225535799678282
0.0020866843455201126
0.006351345476676912
0.0020866843455201126
0.004225535799678282
0.006351345476676912
0.006351345476676912
0.006351345476676912
0.006351345476676912
0.006351345476676912
0.008472807894622444
0.006351345476676912
0.006351345476676912
0.006351345476676912
0.006351345476676912
0.008472807894622444
0.006351345476676912
0.004225535799678282
0.010594270312567928
0.010594270312567928
0.010594270312567928
0.008472807894622444
0.008472807894622444
0.010594270312567928
0.006351345476676912
0.012720079989566558
0.031826283528235445
0.06367430335173672
0.6900186932139286
0.9129678737555971
0.983002217102117
0.9978698430639481
0.9978698430639481
0.9915228448463245
0.983002217102117
0.9745250619484415
0.9660479067947658
0.9554405947050385
0.9469199669608311
0.9427031256792592
0.9363126548711037
0.9320523409990001
0.9257053427813763
0.9214450289092727
0.9214450289092727
0.917184715037169
0.9129678737555971
0.9087075598834935
0.9065774029474416
0.9044472460113897
0.9023605616658696
0.8981002477937661
0.900230404729818
0.8981002477937661
0.900230404729818
0.900230404729818
0.900230404729818
0.8981002477937661
0.900230404729818
0.900230404729818
0.900230404729818
0.8981002477937661
0.8959700908577142
0.8959700908577142
0.8938399339216623
0.8938399339216623
0.8917097769856104
0.8874929357040386
0.8896230926400905
0.8832326218319348
0.8853627787679867
0.8832326218319348
0.8832326218319348
0.8832326218319348
0.8811024648958831
0.8811024648958831
0.8811024648958831
0.8747554666782593
0.8768421510237795
0.872616615224101
0.8704908055471026
0.868369343129157
0.8662478807112115
0.8620006086162675
0.8598747989392688
0.8577533365213234
0.8556318741033778
0.8535060644263791
0.8535060644263791
0.8513846020084337
0.849258792331435
0.8471373299134894
0.845015867495544
0.8407685954005999
0.8428900578185453
0.8407685954005999
0.8343998608877102
0.8322740512107116
0.8301525887927661
0.825905316697822
0.8237838542798765
0.8195365821849324
0.8174107725079337
0.8131678476720428
0.8131678476720428
0.8110420379950442
0.8110420379950442
0.8067947659000999
0.8046733034821545
0.802551841064209
0.802551841064209
0.7983045689692648
0.7961787592922661
0.7940572968743207
0.7919358344563752
0.7876885623614311
0.7834412902664869
0.7770725557535973
0.7770725557535973
0.7728252836586532
0.7707038212407078
0.7685780115637091
0.7664565491457636
0.764330739468765
0.764330739468765
0.7600878146328739
0.7600878146328739
0.753714732860931
0.7515932704429856
0.7473459983480415
0.7430987262530974
0.740977263835152
0.7388558014172064
0.7346085293222624
0.7282397948093727
0.7218667130374299
0.7239925227144286
0.7197452506194844
0.7154979785245402
0.7133765161065947
0.7112507064295961
0.7070077815937051
0.7070077815937051
0.702760509498761
0.7006346998217623
0.6942659653088727
0.6900186932139286
0.6878972307959832
0.683649958701039
0.6794026866060948
0.6730339520932052
0.6709124896752597
0.6666652175803155
0.6602964830674259
0.6581706733904273
0.6560492109724818
0.6518019388775377
0.6496804764595921
0.6454332043646481
0.641185932269704
0.6390644698517585
0.6326957353388688
0.626322653566926
0.622079728731035
0.617832456636091
0.6135851845411467
0.6072164500282572
0.5987219058383689
0.5944746337434248
0.5881058992305351
0.5859844368125896
0.5817371647176455
0.5774898926227013
0.5732426205277572
0.5668738860148675
0.5626266139199235
0.5583836890840325
0.5498891448941442
0.5456418727992001
0.537151675868365
0.5307785940964221
0.5265356692605312
0.5180411250706429
0.5095465808807547
0.5010563839499196
0.4946876494370299
0.49044037734208584
0.4819458331521975
0.47770029996087465
0.46920749467460765
0.46283789070990733
0.45859148806677386
0.45009868278050685
0.44160587749423985
0.4373594748511063
0.4267434682432726
0.4203738642785723
0.4097578576707386
0.4033882537060383
0.39277050819458326
0.3842803112637482
0.37366430465591444
0.36516976046602617
0.3524322914402469
0.34606355692735724
0.337569012737469
0.3290744685475807
0.3205842716167456
0.3099682650089119
0.30147372081902357
0.29510498630613397
0.28024170760335604
0.2675042385775768
0.25688823196974303
0.24627222536190932
0.23353040907707687
0.22079294005129763
0.20805547102551838
0.19956092683563012
0.1846976481328522
0.17408164152501843
0.1634656349171847
0.15284962830935092
0.14223362170151715
0.13374342477068207
0.12312741816284832
0.11251141155501455
0.1018954049471808
0.095522323175238
0.08490631656740424
0.07641611963656912
0.06792157544668084
0.06155284093379124
0.053058296743902965
0.04668956223101332
0.040320827718123724
0.03819936530017824
0.033952093205234075
0.029704821110289964
0.02758335869234448
0.0254575490153458
0.0254575490153458
0.023336086597400316
0.019088814502456204
0.021210276920401686
0.01696735208451067
0.01484154240751204
0.012720079989566558
0.01484154240751204
0.010594270312567928
0.008472807894622444
0.008472807894622444
0.008472807894622444
0.008472807894622444
0.008472807894622444
0.008472807894622444
0.008472807894622444
0.010594270312567928
0.010594270312567928
0.012720079989566558
0.012720079989566558
0.010594270312567928
0.010594270312567928
0.010594270312567928
0.010594270312567928
0.008472807894622444
0.010594270312567928
0.008472807894622444
0.010594270312567928
0.008472807894622444
0.010594270312567928
0.010594270312567928
0.010594270312567928
0.010594270312567928
0.010594270312567928
0.012720079989566558
0.01484154240751204
0.010594270312567928
0.012720079989566558
0.012720079989566558
0.012720079989566558
0.010594270312567928
0.012720079989566558
0.008472807894622444
0.008472807894622444
0.006351345476676912
0.010594270312567928
0.008472807894622444
0.008472807894622444
0.008472807894622444
0.008472807894622444
0.010594270312567928
0.012720079989566558
0.010594270312567928
0.012720079989566558
0.012720079989566558
0.010594270312567928
0.008472807894622444
0.008472807894622444
0.008472807894622444
0.008472807894622444
0.006351345476676912
0.010594270312567928
0.008472807894622444
0.008472807894622444
0.008472807894622444
0.010594270312567928
0.010594270312567928
0.012720079989566558
0.012720079989566558
0.01484154240751204
0.012720079989566558
0.010594270312567928
0.010594270312567928
0.012720079989566558
0.010594270312567928
0.010594270312567928
0.010594270312567928
0.010594270312567928
0.008472807894622444
0.008472807894622444
0.008472807894622444
0.008472807894622444
0.010594270312567928
0.010594270312567928
0.010594270312567928
0.012720079989566558
0.010594270312567928
0.012720079989566558
0.010594270312567928
0.010594270312567928
0.008472807894622444
0.008472807894622444
0.006351345476676912
0.006351345476676912
0.004225535799678282
0.008472807894622444
0.006351345476676912
0.006351345476676912
0.006351345476676912
0.008472807894622444
0.010594270312567928
0.010594270312567928
0.010594270312567928
0.012720079989566558
0.010594270312567928
0.010594270312567928
0.008472807894622444
0.008472807894622444
0.008472807894622444
0.006351345476676912
0.004225535799678282
0.006351345476676912
0.006351345476676912
0.008472807894622444
0.008472807894622444
0.010594270312567928
0.010594270312567928
0.010594270312567928
0.010594270312567928
0.012720079989566558
0.010594270312567928
0.006351345476676912
0.010594270312567928
0.008472807894622444
0.008472807894622444
0.008472807894622444
0.008472807894622444
0.006351345476676912
0.004225535799678282
0.006351345476676912
0.006351345476676912
0.008472807894622444
0.008472807894622444
0.006351345476676912
0.008472807894622444
0.010594270312567928
0.006351345476676912
0.010594270312567928
0.008472807894622444
0.008472807894622444
0.008472807894622444
0.008472807894622444
0.004225535799678282
0.004225535799678282
0.004225535799678282
0.006351345476676912
0.006351345476676912
0.006351345476676912
0.006351345476676912
0.008472807894622444
0.008472807894622444
0.010594270312567928
0.010594270312567928
0.010594270312567928
0.010594270312567928
0.008472807894622444
0.008472807894622444
0.006351345476676912
0.006351345476676912
0.004225535799678282
0.004225535799678282
0.006351345476676912
0.004225535799678282
0.006351345476676912
0.006351345476676912
0.008472807894622444
0.008472807894622444
0.008472807894622444
0.008472807894622444
0.010594270312567928
0.006351345476676912
0.006351345476676912
0.008472807894622444
0.008472807894622444
0.006351345476676912
0.006351345476676912
0.006351345476676912
0.008472807894622444
0.004225535799678282
0.004225535799678282
0.004225535799678282
0.006351345476676912
0.008472807894622444
0.006351345476676912
0.006351345476676912
0.008472807894622444
0.008472807894622444
0.008472807894622444
0.010594270312567928
0.010594270312567928
0.008472807894622444
0.008472807894622444
0.006351345476676912
0.006351345476676912
0.0020866843455201126
0.006351345476676912
0.006351345476676912
0.004225535799678282
0.006351345476676912
0.008472807894622444
0.008472807894622444
0.008472807894622444
0.008472807894622444
0.008472807894622444
0.008472807894622444
0.006351345476676912
0.004225535799678282
0.004225535799678282
0.006351345476676912
0.004225535799678282
0.0020866843455201126
0.004225535799678282
0.0020866843455201126
0.004225535799678282
0.006351345476676912
0.006351345476676912
0.006351345476676912
0.008472807894622444
0.006351345476676912
0.008472807894622444
0.006351345476676912
0.008472807894622444
0.006351345476676912
0.006351345476676912
0.006351345476676912
0.006351345476676912
0.006351345476676912
0.006351345476676912
0.004225535799678282
0.006351345476676912
0.004225535799678282
0.006351345476676912
0.006351345476676912
0.006351345476676912
0.008472807894622444
0.010594270312567928
0.008472807894622444
0.008472807894622444
0.008472807894622444
0.006351345476676912
0.006351345476676912
0.006351345476676912
0.006351345476676912
0.0020866843455201126
0.0020866843455201126
0.006351345476676912
0.004225535799678282
0.004225535799678282
0.0020866843455201126
0.006351345476676912
0.004225535799678282
0.008472807894622444
0.006351345476676912
0.008472807894622444
0.006351345476676912
0.006351345476676912
0.006351345476676912
0.004225535799678282
0.004225535799678282
0.004225535799678282
0.0020866843455201126
0.004225535799678282
0.0020866843455201126
0.004225535799678282
0.004225535799678282
0.006351345476676912
0.006351345476676912
0.006351345476676912
0.008472807894622444
0.008472807894622444
0.006351345476676912
0.006351345476676912
0.006351345476676912
0.006351345476676912
0.006351345476676912
0.006351345476676912
0.004225535799678282
0.010594270312567928
0.010594270312567928
0.008472807894622444
0.010594270312567928
0.006351345476676912
0.010594270312567928
0.008472807894622444
0.012720079989566558
0.02758335869234448
0.06155284093379124
0.6942659653088727
0.9129678737555971
0.983002217102117
0.9978698430639481
0.9978698430639481
0.9893926879102726
0.980915532756597
0.9702647480763379
0.9660479067947658
0.9575272790505586
0.9511802808329347
0.9405729687432073
0.9363126548711037
0.9299221840629484
0.9257053427813763
0.9214450289092727
0.9193148719732209
0.9150980306916489
0.9087075598834935
0.9087075598834935
0.9065774029474416
0.9044472460113897
0.900230404729818
0.900230404729818
0.900230404729818
0.8981002477937661
0.8981002477937661
0.8981002477937661
0.900230404729818
0.8981002477937661
0.8981002477937661
0.8981002477937661
0.900230404729818
0.8959700908577142
0.8959700908577142
0.8938399339216623
0.8938399339216623
0.8917097769856104
0.8896230926400905
0.8874929357040386
0.8896230926400905
0.8832326218319348
0.8811024648958831
0.8811024648958831
0.8853627787679867
0.8811024648958831
0.8789723079598314
0.8789723079598314
0.8789723079598314
0.8747554666782593
0.8747554666782593
0.8704908055471026
0.8704908055471026
0.868369343129157
0.8620006086162675
0.8598747989392688
0.8577533365213234
0.8535060644263791
0.8535060644263791
0.8535060644263791
0.8535060644263791
0.849258792331435
0.8471373299134894
0.845015867495544
0.8428900578185453
0.8386427857236012
0.8407685954005999
0.8365213233056557
0.8322740512107116
0.8301525887927661
0.8301525887927661
0.8237838542798765
0.821658044602878
0.8174107725079337
0.8174107725079337
0.8131678476720428
0.8089205755770986
0.8067947659000999
0.8067947659000999
0.8046733034821545
0.8046733034821545
0.802551841064209
0.8004260313872102
0.7961787592922661
0.7940572968743207
0.7919358344563752
0.7876885623614311
0.7855627526844324
0.7813198278485415
0.7770725557535973
0.7749467460765987
0.7707038212407078
0.7664565491457636
0.7664565491457636
0.7664565491457636
0.7622092770508194
0.7600878146328739
0.7579620049558753
0.7558405425379298
0.7494718080250401
0.7494718080250401
0.7452245359300961
0.740977263835152
0.7388558014172064
0.7346085293222624
0.7303612572273182
0.726113985132374
0.7218667130374299
0.7218667130374299
0.7197452506194844
0.7154979785245402
0.7112507064295961
0.7091292440116506
0.7070077815937051
0.7048819719167065
0.6985132374038169
0.6985132374038169
0.6942659653088727
0.6900186932139286
0.683649958701039
0.6815284962830935
0.6772812241881494
0.6730339520932052
0.6666652175803155
0.6645437551623701
0.6602964830674259
0.6560492109724818
0.6539277485545364
0.6433117419467026
0.6454332043646481
0.6433117419467026
0.6390644698517585
0.6369386601747598
0.6305699256618701
0.6242011911489805
0.622079728731035
0.617832456636091
0.6093379124462026
0.6050906403512586
0.5987219058383689
0.5944746337434248
0.5881058992305351
0.5838586271355909
0.5796157022996999
0.5753684302047559
0.5711211581098118
0.5647524235969221
0.560505151501978
0.5541364169890884
0.5477676824761988
0.5435204103812545
0.537151675868365
0.5307785940964221
0.5222883971655871
0.5180411250706429
0.5095465808807547
0.5010563839499196
0.4925618397600313
0.49044037734208584
0.4819458331521975
0.47557709863930786
0.46920749467460765
0.46283789070990733
0.4564682867452071
0.45009868278050685
0.44160587749423985
0.43523627352953964
0.4267434682432726
0.4182506629570056
0.4097578576707386
0.4012650523844715
0.3906490457766378
0.3821545015867496
0.3715384949789158
0.3630482980480807
0.3545537538581924
0.34606355692735724
0.337569012737469
0.32695300612963524
0.31845846193974703
0.3099682650089119
0.30147372081902357
0.2929835238881885
0.28024170760335604
0.2675042385775768
0.25688823196974303
0.24627222536190932
0.23353040907707687
0.22079294005129763
0.20805547102551838
0.19743946441768465
0.1846976481328522
0.17408164152501843
0.1634656349171847
0.15284962830935092
0.14223362170151715
0.1316176150936834
0.12100160848584963
0.11251141155501455
0.09976959527018212
0.09340086075729252
0.08278485414945876
0.07429030995957049
0.06792157544668084
0.059431378515845755
0.053058296743902965
0.04668956223101332
0.042442290136069205
0.03819936530017824
0.033952093205234075
0.029704821110289964
0.02758335869234448
0.0254575490153458
0.023336086597400316
0.021210276920401686
0.01696735208451067
0.019088814502456204
0.01696735208451067
0.012720079989566558
0.012720079989566558
0.012720079989566558
0.010594270312567928
0.008472807894622444
0.006351345476676912
0.008472807894622444
0.004225535799678282
0.006351345476676912
0.008472807894622444
0.008472807894622444
0.008472807894622444
0.010594270312567928
0.010594270312567928
0.01484154240751204
0.010594270312567928
0.010594270312567928
0.010594270312567928
0.010594270312567928
0.010594270312567928
0.008472807894622444
0.008472807894622444
0.008472807894622444
0.008472807894622444
0.008472807894622444
0.010594270312567928
0.010594270312567928
0.010594270312567928
0.012720079989566558
0.012720079989566558
0.012720079989566558
0.010594270312567928
0.010594270312567928
0.010594270312567928
0.010594270312567928
0.008472807894622444
0.010594270312567928
0.008472807894622444
0.008472807894622444
0.006351345476676912
0.008472807894622444
0.008472807894622444
0.008472807894622444
0.008472807894622444
0.008472807894622444
0.010594270312567928
0.010594270312567928
0.010594270312567928
0.012720079989566558
0.012720079989566558
0.010594270312567928
0.010594270312567928
0.010594270312567928
0.008472807894622444
0.008472807894622444
0.008472807894622444
0.008472807894622444
0.006351345476676912
0.008472807894622444
0.008472807894622444
0.012720079989566558
0.010594270312567928
0.012720079989566558
0.012720079989566558
0.01484154240751204
0.010594270312567928
0.010594270312567928
0.010594270312567928
0.010594270312567928
0.010594270312567928
0.008472807894622444
0.008472807894622444
0.008472807894622444
0.006351345476676912
0.008472807894622444
0.008472807894622444
0.008472807894622444
0.008472807894622444
0.008472807894622444
0.010594270312567928
0.012720079989566558
0.008472807894622444
0.010594270312567928
0.010594270312567928
0.010594270312567928
0.008472807894622444
0.008472807894622444
0.008472807894622444
0.008472807894622444
0.006351345476676912
0.008472807894622444
0.008472807894622444
0.006351345476676912
0.008472807894622444
0.010594270312567928
0.010594270312567928
0.010594270312567928
0.010594270312567928
0.012720079989566558
0.010594270312567928
0.010594270312567928
0.010594270312567928
0.008472807894622444
0.008472807894622444
0.006351345476676912
0.006351345476676912
0.006351345476676912
0.004225535799678282
0.006351345476676912
0.008472807894622444
0.008472807894622444
0.008472807894622444
0.010594270312567928
0.010594270312567928
0.010594270312567928
0.010594270312567928
0.006351345476676912
0.006351345476676912
0.006351345476676912
0.006351345476676912
0.006351345476676912
0.004225535799678282
0.006351345476676912
0.006351345476676912
0.006351345476676912
0.006351345476676912
0.006351345476676912
0.008472807894622444
0.008472807894622444
0.010594270312567928
0.010594270312567928
0.010594270312567928
0.008472807894622444
0.010594270312567928
0.008472807894622444
0.006351345476676912
0.006351345476676912
0.008472807894622444
0.006351345476676912
0.004225535799678282
0.006351345476676912
0.006351345476676912
0.006351345476676912
0.006351345476676912
0.008472807894622444
0.006351345476676912
0.008472807894622444
0.008472807894622444
0.008472807894622444
0.008472807894622444
0.006351345476676912
0.004225535799678282
0.006351345476676912
0.006351345476676912
0.004225535799678282
0.004225535799678282
0.004225535799678282
0.0020866843455201126
0.004225535799678282
0.004225535799678282
0.004225535799678282
0.008472807894622444
0.008472807894622444
0.008472807894622444
0.010594270312567928
0.006351345476676912
0.006351345476676912
0.008472807894622444
0.006351345476676912
0.006351345476676912
0.004225535799678282
0.004225535799678282
0.006351345476676912
0.004225535799678282
0.004225535799678282
0.006351345476676912
0.006351345476676912
0.008472807894622444
0.008472807894622444
0.008472807894622444
0.010594270312567928
0.006351345476676912
0.008472807894622444
0.008472807894622444
0.006351345476676912
0.006351345476676912
0.006351345476676912
0.006351345476676912
0.004225535799678282
0.0020866843455201126
0.004225535799678282
0.006351345476676912
0.004225535799678282
0.004225535799678282
0.004225535799678282
0.006351345476676912
0.006351345476676912
0.006351345476676912
0.008472807894622444
0.008472807894622444
0.008472807894622444
0.006351345476676912
0.006351345476676912
0.004225535799678282
0.004225535799678282
0.0020866843455201126
0.004225535799678282
0.0020866843455201126
0.004225535799678282
0.004225535799678282
0.006351345476676912
0.006351345476676912
0.008472807894622444
0.008472807894622444
0.010594270312567928
0.006351345476676912
0.004225535799678282
0.006351345476676912
0.006351345476676912
0.004225535799678282
0.004225535799678282
0.004225535799678282
0.004225535799678282
0.004225535799678282
0.004225535799678282
0.006351345476676912
0.006351345476676912
0.006351345476676912
0.008472807894622444
0.006351345476676912
0.006351345476676912
0.006351345476676912
0.008472807894622444
0.006351345476676912
0.006351345476676912
0.004225535799678282
0.006351345476676912
0.006351345476676912
0.004225535799678282
0.0020866843455201126
0.004225535799678282
0.004225535799678282
0.004225535799678282
0.004225535799678282
0.006351345476676912
0.006351345476676912
0.008472807894622444
0.006351345476676912
0.008472807894622444
0.008472807894622444
0.006351345476676912
0.004225535799678282
0.004225535799678282
0.004225535799678282
0.004225535799678282
0.0020866843455201126
0.004225535799678282
0.0020866843455201126
0.004225535799678282
0.004225535799678282
0.004225535799678282
0.006351345476676912
0.006351345476676912
0.006351345476676912
0.008472807894622444
0.006351345476676912
0.004225535799678282
0.006351345476676912
0.006351345476676912
0.006351345476676912
0.004225535799678282
0.0020866843455201126
0.010594270312567928
0.010594270312567928
0.008472807894622444
0.008472807894622444
0.008472807894622444
0.012720079989566558
0.006351345476676912
0.010594270312567928
0.029704821110289964
0.06367430335173672
0.6942659653088727
0.9150980306916489
0.980915532756597
0.9978698430639481
0.9978698430639481
0.9915228448463245
0.983002217102117
0.9723949050123896
0.963917749858714
0.9554405947050385
0.949050123896883
0.9447898100247795
0.9363126548711037
0.9320523409990001
0.927835499717428
0.9214450289092727
0.9193148719732209
0.9150980306916489
0.9108377168195454
0.9065774029474416
0.9065774029474416
0.9044472460113897
0.9044472460113897
0.900230404729818
0.900230404729818
0.8981002477937661
0.8981002477937661
0.8981002477937661
0.900230404729818
0.900230404729818
0.8981002477937661
0.900230404729818
0.9023605616658696
0.8981002477937661
0.8959700908577142
0.8959700908577142
0.8938399339216623
0.8938399339216623
0.8917097769856104
0.8874929357040386
0.8896230926400905
0.8853627787679867
0.8853627787679867
0.8832326218319348
0.8832326218319348
0.8832326218319348
0.8811024648958831
0.8789723079598314
0.8789723079598314
0.8747554666782593
0.8768421510237795
0.872616615224101
0.8704908055471026
0.868369343129157
0.8662478807112115
0.8620006086162675
0.8577533365213234
0.8535060644263791
0.8556318741033778
0.8535060644263791
0.8513846020084337
0.8513846020084337
0.849258792331435
0.8471373299134894
0.845015867495544
0.8428900578185453
0.8407685954005999
0.8386427857236012
0.8343998608877102
0.8322740512107116
0.8301525887927661
0.8280267791157675
0.821658044602878
0.8195365821849324
0.8195365821849324
0.8152893100899883
0.8131678476720428
0.8110420379950442
0.8089205755770986
0.8067947659000999
0.8067947659000999
0.802551841064209
0.802551841064209
0.7961787592922661
0.7919358344563752
0.7919358344563752
0.7898100247793766
0.7855627526844324
0.7813198278485415
0.7770725557535973
0.7791940181715429
0.7728252836586532
0.7685780115637091
0.7664565491457636
0.7664565491457636
0.7622092770508194
0.7622092770508194
0.7579620049558753
0.7558405425379298
0.753714732860931
0.7515932704429856
0.7473459983480415
0.7430987262530974
0.7388558014172064
0.7346085293222624
0.7324827196452637
0.726113985132374
0.7239925227144286
0.7239925227144286
0.7218667130374299
0.7154979785245402
0.7133765161065947
0.7112507064295961
0.7091292440116506
0.7070077815937051
0.7006346998217623
0.6985132374038169
0.6942659653088727
0.6921445028909273
0.683649958701039
0.683649958701039
0.6794026866060948
0.6730339520932052
0.668786679998261
0.6666652175803155
0.6602964830674259
0.6581706733904273
0.6560492109724818
0.6518019388775377
0.6475546667825935
0.6433117419467026
0.6390644698517585
0.6369386601747598
0.6305699256618701
0.6242011911489805
0.622079728731035
0.617832456636091
0.6114637221232013
0.6050906403512586
0.5987219058383689
0.5944746337434248
0.5859844368125896
0.5838586271355909
0.5817371647176455
0.5753684302047559
0.5711211581098118
0.5668738860148675
0.560505151501978
0.5583836890840325
0.5498891448941442
0.5435204103812545
0.537151675868365
0.5307785940964221
0.5222883971655871
0.5159196626526974
0.5095465808807547
0.503177846367865
0.4946876494370299
0.49044037734208584
0.4840716428291962
0.47557709863930786
0.46920749467460765
0.46283789070990733
0.4543450854236403
0.45009868278050685
0.44160587749423985
0.43523627352953964
0.4246202669217058
0.4161274616354388
0.4076346563491718
0.3991418510629048
0.3906490457766378
0.3821545015867496
0.3715384949789158
0.3630482980480807
0.3545537538581924
0.34393774725035864
0.3354475503195235
0.32695300612963524
0.31845846193974703
0.3099682650089119
0.30147372081902357
0.2929835238881885
0.27812024518541056
0.2675042385775768
0.25688823196974303
0.24414641568491063
0.23353040907707687
0.22079294005129763
0.20805547102551838
0.19743946441768465
0.18257618571490672
0.17408164152501843
0.1634656349171847
0.15284962830935092
0.14011215928357168
0.1316176150936834
0.12100160848584963
0.11251141155501455
0.09976959527018212
0.09127939833934703
0.08278485414945876
0.07429030995957049
0.06580011302873535
0.06155284093379124
0.050936834325957484
0.044568099813067835
0.040320827718123724
0.03607355562317956
0.033952093205234075
0.02758335869234448
0.0254575490153458
0.023336086597400316
0.023336086597400316
0.021210276920401686
0.021210276920401686
0.021210276920401686
0.01696735208451067
0.01484154240751204
0.012720079989566558
0.01484154240751204
0.010594270312567928
0.008472807894622444
0.006351345476676912
0.010594270312567928
0.008472807894622444
0.008472807894622444
0.008472807894622444
0.010594270312567928
0.010594270312567928
0.010594270312567928
0.012720079989566558
0.012720079989566558
0.010594270312567928
0.010594270312567928
0.010594270312567928
0.010594270312567928
0.008472807894622444
0.008472807894622444
0.006351345476676912
0.008472807894622444
0.006351345476676912
0.008472807894622444
0.008472807894622444
0.010594270312567928
0.010594270312567928
0.010594270312567928
0.010594270312567928
0.012720079989566558
0.010594270312567928
0.010594270312567928
0.010594270312567928
0.010594270312567928
0.010594270312567928
0.008472807894622444
0.008472807894622444
0.006351345476676912
0.004225535799678282
0.008472807894622444
0.008472807894622444
0.008472807894622444
0.010594270312567928
0.010594270312567928
0.010594270312567928
0.012720079989566558
0.010594270312567928
0.012720079989566558
0.012720079989566558
0.010594270312567928
0.008472807894622444
0.010594270312567928
0.010594270312567928
0.008472807894622444
0.008472807894622444
0.008472807894622444
0.006351345476676912
0.008472807894622444
0.008472807894622444
0.010594270312567928
0.010594270312567928
0.010594270312567928
0.010594270312567928
0.012720079989566558
0.010594270312567928
0.010594270312567928
0.010594270312567928
0.008472807894622444
0.010594270312567928
0.008472807894622444
0.006351345476676912
0.008472807894622444
0.006351345476676912
0.008472807894622444
0.008472807894622444
0.008472807894622444
0.010594270312567928
0.010594270312567928
0.010594270312567928
0.012720079989566558
0.008472807894622444
0.010594270312567928
0.010594270312567928
0.008472807894622444
0.008472807894622444
0.008472807894622444
0.008472807894622444
0.006351345476676912
0.006351345476676912
0.008472807894622444
0.008472807894622444
0.008472807894622444
0.006351345476676912
0.008472807894622444
0.010594270312567928
0.010594270312567928
0.010594270312567928
0.012720079989566558
0.010594270312567928
0.010594270312567928
0.008472807894622444
0.008472807894622444
0.008472807894622444
0.006351345476676912
0.004225535799678282
0.006351345476676912
0.006351345476676912
0.006351345476676912
0.008472807894622444
0.008472807894622444
0.008472807894622444
0.010594270312567928
0.010594270312567928
0.010594270312567928
0.010594270312567928
0.008472807894622444
0.008472807894622444
0.006351345476676912
0.008472807894622444
0.006351345476676912
0.006351345476676912
0.008472807894622444
0.004225535799678282
0.006351345476676912
0.006351345476676912
0.008472807894622444
0.008472807894622444
0.008472807894622444
0.008472807894622444
0.010594270312567928
0.008472807894622444
0.008472807894622444
0.008472807894622444
0.008472807894622444
0.008472807894622444
0.008472807894622444
0.006351345476676912
0.006351345476676912
0.004225535799678282
0.006351345476676912
0.006351345476676912
0.004225535799678282
0.006351345476676912
0.008472807894622444
0.010594270312567928
0.010594270312567928
0.008472807894622444
0.010594270312567928
0.008472807894622444
0.008472807894622444
0.006351345476676912
0.008472807894622444
0.006351345476676912
0.004225535799678282
0.0020866843455201126
0.006351345476676912
0.004225535799678282
0.006351345476676912
0.006351345476676912
0.008472807894622444
0.008472807894622444
0.008472807894622444
0.010594270312567928
0.010594270312567928
0.006351345476676912
0.006351345476676912
0.006351345476676912
0.006351345476676912
0.008472807894622444
0.006351345476676912
0.004225535799678282
0.006351345476676912
0.004225535799678282
0.004225535799678282
0.006351345476676912
0.008472807894622444
0.006351345476676912
0.008472807894622444
0.006351345476676912
0.008472807894622444
0.008472807894622444
0.008472807894622444
0.008472807894622444
0.008472807894622444
0.008472807894622444
0.006351345476676912
0.006351345476676912
0.006351345476676912
0.0020866843455201126
0.004225535799678282
0.004225535799678282
0.004225535799678282
0.006351345476676912
0.006351345476676912
0.008472807894622444
0.008472807894622444
0.008472807894622444
0.010594270312567928
0.008472807894622444
0.006351345476676912
0.006351345476676912
0.006351345476676912
0.004225535799678282
0.004225535799678282
0.004225535799678282
0.004225535799678282
0.004225535799678282
0.006351345476676912
0.006351345476676912
0.006351345476676912
0.006351345476676912
0.006351345476676912
0.008472807894622444
0.010594270312567928
0.006351345476676912
0.006351345476676912
0.006351345476676912
0.006351345476676912
0.006351345476676912
0.006351345476676912
0.004225535799678282
0.006351345476676912
0.004225535799678282
0.004225535799678282
0.004225535799678282
0.006351345476676912
0.006351345476676912
0.006351345476676912
0.004225535799678282
0.010594270312567928
0.006351345476676912
0.008472807894622444
0.008472807894622444
0.008472807894622444
0.006351345476676912
0.006351345476676912
0.0020866843455201126
0.004225535799678282
0.0020866843455201126
0.0020866843455201126
0.004225535799678282
0.004225535799678282
0.004225535799678282
0.006351345476676912
0.008472807894622444
0.008472807894622444
0.008472807894622444
0.008472807894622444
0.006351345476676912
0.006351345476676912
0.004225535799678282
0.004225535799678282
0.004225535799678282
0.004225535799678282
0.004225535799678282
0.004225535799678282
0.004225535799678282
0.004225535799678282
0.004225535799678282
0.006351345476676912
0.006351345476676912
0.006351345476676912
0.006351345476676912
0.008472807894622444
0.006351345476676912
0.004225535799678282
0.006351345476676912
0.006351345476676912
0.006351345476676912
0.006351345476676912
0.0020866843455201126
0.010594270312567928
0.010594270312567928
0.008472807894622444
0.008472807894622444
0.008472807894622444
0.010594270312567928
0.006351345476676912
0.010594270312567928
0.029704821110289964
0.06367430335173672
0.6857757683780377
0.9129678737555971
0.983002217102117
0.9978698430639481
0.9978698430639481
0.9915228448463245
0.9851323740381689
0.9745250619484415
0.9681780637308177
0.9575272790505586
0.9511802808329347
0.9427031256792592
0.934182497935052
0.934182497935052
0.927835499717428
0.9214450289092727
0.9193148719732209
0.9150980306916489
0.9129678737555971
0.9087075598834935
0.9065774029474416
0.9044472460113897
0.9023605616658696
0.900230404729818
0.900230404729818
0.8981002477937661
0.8981002477937661
0.900230404729818
0.9023605616658696
0.900230404729818
0.900230404729818
0.900230404729818
0.8981002477937661
0.8981002477937661
0.8938399339216623
0.8938399339216623
0.8938399339216623
0.8938399339216623
0.8917097769856104
0.8874929357040386
0.8874929357040386
0.8832326218319348
0.8832326218319348
0.8832326218319348
0.8832326218319348
0.8811024648958831
0.8811024648958831
0.8789723079598314
0.8768421510237795
0.872616615224101
0.8768421510237795
0.872616615224101
0.868369343129157
0.8662478807112115
0.8641220710342129
0.8598747989392688
0.8598747989392688
0.8556318741033778
0.8556318741033778
0.8513846020084337
0.849258792331435
0.849258792331435
0.8471373299134894
0.845015867495544
0.845015867495544
0.8407685954005999
0.8407685954005999
0.8386427857236012
0.8343998608877102
0.8301525887927661
0.825905316697822
0.8237838542798765
0.821658044602878
0.8174107725079337
0.8174107725079337
0.8131678476720428
0.8131678476720428
0.8089205755770986
0.8089205755770986
0.8067947659000999
0.802551841064209
0.8004260313872102
0.8004260313872102
0.7961787592922661
0.7940572968743207
0.7898100247793766
0.7898100247793766
0.7876885623614311
0.7813198278485415
0.7749467460765987
0.7749467460765987
0.7707038212407078
0.7664565491457636
0.7664565491457636
0.764330739468765
0.7622092770508194
0.7579620049558753
0.7558405425379298
0.7558405425379298
0.7515932704429856
0.7494718080250401
0.7452245359300961
0.740977263835152
0.7388558014172064
0.7324827196452637
0.7282397948093727
0.726113985132374
0.7218667130374299
0.7197452506194844
0.7176237882015389
0.7154979785245402
0.7112507064295961
0.7091292440116506
0.7070077815937051
0.7048819719167065
0.7006346998217623
0.6963917749858713
0.6921445028909273
0.6878972307959832
0.683649958701039
0.6794026866060948
0.6772812241881494
0.6709124896752597
0.6666652175803155
0.6645437551623701
0.6581706733904273
0.6560492109724818
0.6518019388775377
0.6475546667825935
0.6454332043646481
0.641185932269704
0.6369386601747598
0.6369386601747598
0.6305699256618701
0.622079728731035
0.6199539190540364
0.6157066469590923
0.6114637221232013
0.6029691779333131
0.5966004434204234
0.5944746337434248
0.5859844368125896
0.5838586271355909
0.5796157022996999
0.5753684302047559
0.5711211581098118
0.5647524235969221
0.560505151501978
0.5541364169890884
0.5456418727992001
0.5413946007042559
0.5350258661913664
0.5286571316784767
0.5222883971655871
0.5137938529756988
0.5074251184628092
0.5010563839499196
0.4925618397600313
0.48619310524714165
0.4819458331521975
0.4734538973177412
0.46708429335304086
0.46071468938834065
0.4543450854236403
0.45009868278050685
0.4394826761726731
0.43311307220797285
0.4246202669217058
0.4161274616354388
0.4076346563491718
0.3991418510629048
0.3906490457766378
0.38003303916880404
0.3715384949789158
0.3630482980480807
0.3524322914402469
0.34393774725035864
0.3354475503195235
0.32483154371168976
0.31845846193974703
0.3099682650089119
0.29935225840107804
0.29085771421118983
0.27812024518541056
0.26537842890057817
0.2547624222927444
0.24414641568491063
0.2314089466591314
0.21867147763335215
0.20592966134851973
0.19531365474068596
0.1846976481328522
0.17196017910707295
0.16134417249923919
0.15072816589140542
0.14011215928357168
0.12737034299873928
0.11888014606790415
0.11038560187801588
0.09976959527018212
0.09340086075729252
0.08278485414945876
0.07429030995957049
0.06367430335173672
0.057305568838847076
0.048815371908011995
0.044568099813067835
0.040320827718123724
0.033952093205234075
0.031826283528235445
0.02758335869234448
0.0254575490153458
0.0254575490153458
0.023336086597400316
0.023336086597400316
0.019088814502456204
0.019088814502456204
0.01696735208451067
0.01484154240751204
0.012720079989566558
0.012720079989566558
0.010594270312567928
0.010594270312567928
0.008472807894622444
0.010594270312567928
0.008472807894622444
0.008472807894622444
0.008472807894622444
0.008472807894622444
0.010594270312567928
0.010594270312567928
0.010594270312567928
0.010594270312567928
0.008472807894622444
0.008472807894622444
0.010594270312567928
0.010594270312567928
0.010594270312567928
0.010594270312567928
0.006351345476676912
0.008472807894622444
0.006351345476676912
0.008472807894622444
0.008472807894622444
0.010594270312567928
0.010594270312567928
0.010594270312567928
0.010594270312567928
0.012720079989566558
0.008472807894622444
0.010594270312567928
0.012720079989566558
0.010594270312567928
0.010594270312567928
0.010594270312567928
0.006351345476676912
0.008472807894622444
0.008472807894622444
0.008472807894622444
0.008472807894622444
0.008472807894622444
0.010594270312567928
0.010594270312567928
0.010594270312567928
0.012720079989566558
0.010594270312567928
0.012720079989566558
0.010594270312567928
0.010594270312567928
0.010594270312567928
0.010594270312567928
0.010594270312567928
0.010594270312567928
0.008472807894622444
0.010594270312567928
0.008472807894622444
0.008472807894622444
0.008472807894622444
0.010594270312567928
0.010594270312567928
0.010594270312567928
0.010594270312567928
0.012720079989566558
0.010594270312567928
0.010594270312567928
0.010594270312567928
0.012720079989566558
0.012720079989566558
0.008472807894622444
0.006351345476676912
0.008472807894622444
0.006351345476676912
0.008472807894622444
0.008472807894622444
0.008472807894622444
0.010594270312567928
0.010594270312567928
0.010594270312567928
0.012720079989566558
0.010594270312567928
0.012720079989566558
0.010594270312567928
0.008472807894622444
0.008472807894622444
0.010594270312567928
0.006351345476676912
0.008472807894622444
0.006351345476676912
0.008472807894622444
0.008472807894622444
0.008472807894622444
0.008472807894622444
0.010594270312567928
0.010594270312567928
0.010594270312567928
0.010594270312567928
0.010594270312567928
0.010594270312567928
0.008472807894622444
0.008472807894622444
0.008472807894622444
0.006351345476676912
0.006351345476676912
0.006351345476676912
0.006351345476676912
0.006351345476676912
0.006351345476676912
0.006351345476676912
0.006351345476676912
0.008472807894622444
0.008472807894622444
0.010594270312567928
0.008472807894622444
0.008472807894622444
0.008472807894622444
0.010594270312567928
0.008472807894622444
0.008472807894622444
0.006351345476676912
0.004225535799678282
0.004225535799678282
0.004225535799678282
0.004225535799678282
0.006351345476676912
0.008472807894622444
0.006351345476676912
0.008472807894622444
0.008472807894622444
0.008472807894622444
0.008472807894622444
0.010594270312567928
0.008472807894622444
0.008472807894622444
0.006351345476676912
0.008472807894622444
0.0020866843455201126
0.006351345476676912
0.004225535799678282
0.006351345476676912
0.006351345476676912
0.006351345476676912
0.006351345476676912
0.006351345476676912
0.008472807894622444
0.008472807894622444
0.006351345476676912
0.008472807894622444
0.006351345476676912
0.006351345476676912
0.004225535799678282
0.006351345476676912
0.006351345476676912
0.006351345476676912
0.004225535799678282
0.006351345476676912
0.0020866843455201126
0.004225535799678282
0.004225535799678282
0.006351345476676912
0.006351345476676912
0.008472807894622444
0.006351345476676912
0.008472807894622444
0.008472807894622444
0.006351345476676912
0.008472807894622444
0.008472807894622444
0.008472807894622444
0.004225535799678282
0.004225535799678282
0.004225535799678282
0.004225535799678282
0.006351345476676912
0.004225535799678282
0.004225535799678282
0.006351345476676912
0.006351345476676912
0.006351345476676912
0.008472807894622444
0.008472807894622444
0.008472807894622444
0.006351345476676912
0.006351345476676912
0.006351345476676912
0.006351345476676912
0.0020866843455201126
0.004225535799678282
0.0020866843455201126
0.0020866843455201126
0.004225535799678282
0.004225535799678282
0.004225535799678282
0.004225535799678282
0.006351345476676912
0.008472807894622444
0.006351345476676912
0.008472807894622444
0.006351345476676912
0.006351345476676912
0.004225535799678282
0.004225535799678282
0.004225535799678282
0.004225535799678282
0.0020866843455201126
0.004225535799678282
0.0020866843455201126
0.004225535799678282
0.004225535799678282
0.006351345476676912
0.006351345476676912
0.006351345476676912
0.008472807894622444
0.008472807894622444
0.006351345476676912
0.006351345476676912
0.006351345476676912
0.006351345476676912
0.006351345476676912
0.004225535799678282
0.0020866843455201126
0.004225535799678282
0.0020866843455201126
0.004225535799678282
0.004225535799678282
0.004225535799678282
0.006351345476676912
0.006351345476676912
0.004225535799678282
0.006351345476676912
0.006351345476676912
0.006351345476676912
0.006351345476676912
0.004225535799678282
0.006351345476676912
0.004225535799678282
0.0020866843455201126
0.0020866843455201126
0.0
0.004225535799678282
0.004225535799678282
0.0020866843455201126
0.004225535799678282
0.004225535799678282
0.006351345476676912
0.006351345476676912
0.006351345476676912
0.006351345476676912
0.006351345476676912
0.006351345476676912
0.004225535799678282
0.006351345476676912
0.006351345476676912
0.006351345476676912
0.0020866843455201126
0.004225535799678282
0.004225535799678282
0.0020866843455201126
0.004225535799678282
0.004225535799678282
0.006351345476676912
0.004225535799678282
0.006351345476676912
0.008472807894622444
0.008472807894622444
0.006351345476676912
0.006351345476676912
0.006351345476676912
0.006351345476676912
0.004225535799678282
0.0020866843455201126
0.008472807894622444
0.008472807894622444
0.006351345476676912
0.006351345476676912
0.008472807894622444
0.010594270312567928
0.006351345476676912
0.010594270312567928
0.029704821110289964
0.06367430335173672
0.6772812241881494
0.9108377168195454
0.980915532756597
0.9978698430639481
0.9978698430639481
0.9872625309742207
0.983002217102117
0.9723949050123896
0.963917749858714
0.9575272790505586
0.949050123896883
0.9405729687432073
0.934182497935052
0.9320523409990001
0.927835499717428
0.9235751858453246
0.917184715037169
0.917184715037169
0.9108377168195454
0.9065774029474416
0.9065774029474416
0.9023605616658696
0.9023605616658696
0.900230404729818
0.9023605616658696
0.8981002477937661
0.8959700908577142
0.8981002477937661
0.8981002477937661
0.900230404729818
0.8981002477937661
0.8981002477937661
0.8981002477937661
0.8981002477937661
0.8959700908577142
0.8938399339216623
0.8938399339216623
0.8917097769856104
0.8896230926400905
0.8874929357040386
0.8874929357040386
0.8832326218319348
0.8853627787679867
0.8832326218319348
0.8832326218319348
0.8811024648958831
0.8811024648958831
0.8789723079598314
0.8789723079598314
0.8747554666782593
0.8747554666782593
0.872616615224101
0.8704908055471026
0.8662478807112115
0.8620006086162675
0.8598747989392688
0.8577533365213234
0.8556318741033778
0.8535060644263791
0.8535060644263791
0.8513846020084337
0.849258792331435
0.8471373299134894
0.849258792331435
0.845015867495544
0.8407685954005999
0.8386427857236012
0.8365213233056557
0.8322740512107116
0.8280267791157675
0.825905316697822
0.825905316697822
0.8237838542798765
0.8174107725079337
0.8174107725079337
0.8131678476720428
0.8131678476720428
0.8110420379950442
0.8089205755770986
0.8067947659000999
0.8046733034821545
0.802551841064209
0.802551841064209
0.7983045689692648
0.7919358344563752
0.7919358344563752
0.7876885623614311
0.7855627526844324
0.7813198278485415
0.7749467460765987
0.7749467460765987
0.7707038212407078
0.7685780115637091
0.7664565491457636
0.764330739468765
0.7622092770508194
0.7579620049558753
0.7558405425379298
0.7558405425379298
0.7515932704429856
0.7494718080250401
0.7452245359300961
0.740977263835152
0.7367299917402078
0.7346085293222624
0.7303612572273182
0.726113985132374
0.7218667130374299
0.7197452506194844
0.7197452506194844
0.7154979785245402
0.7112507064295961
0.7091292440116506
0.7091292440116506
0.7048819719167065
0.7006346998217623
0.6985132374038169
0.6921445028909273
0.6878972307959832
0.6878972307959832
0.683649958701039
0.6794026866060948
0.6730339520932052
0.668786679998261
0.6645437551623701
0.6581706733904273
0.6539277485545364
0.6560492109724818
0.6496804764595921
0.6475546667825935
0.641185932269704
0.6390644698517585
0.6369386601747598
0.6305699256618701
0.6242011911489805
0.6199539190540364
0.6157066469590923
0.6114637221232013
0.6050906403512586
0.5966004434204234
0.5944746337434248
0.5881058992305351
0.5838586271355909
0.5796157022996999
0.5753684302047559
0.5689996956918663
0.5647524235969221
0.560505151501978
0.5562578794070339
0.5477676824761988
0.5413946007042559
0.537151675868365
0.5286571316784767
0.5222883971655871
0.5159196626526974
0.5074251184628092
0.503177846367865
0.4946876494370299
0.48831456766508713
0.4819458331521975
0.47557709863930786
0.46920749467460765
0.46071468938834065
0.4564682867452071
0.45009868278050685
0.44160587749423985
0.43311307220797285
0.4267434682432726
0.4161274616354388
0.4076346563491718
0.3991418510629048
0.3906490457766378
0.3821545015867496
0.3715384949789158
0.36516976046602617
0.3545537538581924
0.34393774725035864
0.3354475503195235
0.32483154371168976
0.3163369995218015
0.3078424553319132
0.29722644872407944
0.28873625179324436
0.27812024518541056
0.26537842890057817
0.25688823196974303
0.24202495326696516
0.23353040907707687
0.21867147763335215
0.20592966134851973
0.19531365474068596
0.18257618571490672
0.17196017910707295
0.16134417249923919
0.15072816589140542
0.13798634960657305
0.1294961526757379
0.11888014606790415
0.11038560187801588
0.09976959527018212
0.08703212624440287
0.08066339173151328
0.07429030995957049
0.06580011302873535
0.057305568838847076
0.048815371908011995
0.044568099813067835
0.03819936530017824
0.03607355562317956
0.033952093205234075
0.02758335869234448
0.0254575490153458
0.021210276920401686
0.021210276920401686
0.021210276920401686
0.01696735208451067
0.019088814502456204
0.01484154240751204
0.01484154240751204
0.012720079989566558
0.012720079989566558
0.010594270312567928
0.008472807894622444
0.006351345476676912
0.006351345476676912
0.006351345476676912
0.006351345476676912
0.008472807894622444
0.008472807894622444
0.010594270312567928
0.012720079989566558
0.010594270312567928
0.010594270312567928
0.010594270312567928
0.008472807894622444
0.010594270312567928
0.008472807894622444
0.010594270312567928
0.006351345476676912
0.006351345476676912
0.008472807894622444
0.006351345476676912
0.006351345476676912
0.008472807894622444
0.010594270312567928
0.008472807894622444
0.010594270312567928
0.008472807894622444
0.010594270312567928
0.008472807894622444
0.010594270312567928
0.010594270312567928
0.008472807894622444
0.010594270312567928
0.010594270312567928
0.008472807894622444
0.008472807894622444
0.006351345476676912
0.006351345476676912
0.008472807894622444
0.006351345476676912
0.006351345476676912
0.008472807894622444
0.010594270312567928
0.012720079989566558
0.010594270312567928
0.012720079989566558
0.010594270312567928
0.008472807894622444
0.008472807894622444
0.010594270312567928
0.008472807894622444
0.008472807894622444
0.006351345476676912
0.008472807894622444
0.006351345476676912
0.006351345476676912
0.008472807894622444
0.008472807894622444
0.010594270312567928
0.010594270312567928
0.010594270312567928
0.010594270312567928
0.010594270312567928
0.008472807894622444
0.008472807894622444
0.008472807894622444
0.008472807894622444
0.006351345476676912
0.006351345476676912
0.008472807894622444
0.006351345476676912
0.006351345476676912
0.008472807894622444
0.008472807894622444
0.008472807894622444
0.010594270312567928
0.008472807894622444
0.010594270312567928
0.008472807894622444
0.010594270312567928
0.010594270312567928
0.008472807894622444
0.008472807894622444
0.008472807894622444
0.006351345476676912
0.008472807894622444
0.006351345476676912
0.006351345476676912
0.006351345476676912
0.006351345476676912
0.008472807894622444
0.006351345476676912
0.008472807894622444
0.010594270312567928
0.010594270312567928
0.010594270312567928
0.008472807894622444
0.006351345476676912
0.008472807894622444
0.008472807894622444
0.006351345476676912
0.006351345476676912
0.004225535799678282
0.006351345476676912
0.004225535799678282
0.004225535799678282
0.008472807894622444
0.006351345476676912
0.006351345476676912
0.008472807894622444
0.008472807894622444
0.008472807894622444
0.008472807894622444
0.006351345476676912
0.008472807894622444
0.006351345476676912
0.006351345476676912
0.006351345476676912
0.004225535799678282
0.004225535799678282
0.004225535799678282
0.004225535799678282
0.006351345476676912
0.008472807894622444
0.008472807894622444
0.008472807894622444
0.006351345476676912
0.010594270312567928
0.008472807894622444
0.008472807894622444
0.008472807894622444
0.006351345476676912
0.006351345476676912
0.006351345476676912
0.006351345476676912
0.004225535799678282
0.004225535799678282
0.004225535799678282
0.006351345476676912
0.004225535799678282
0.004225535799678282
0.006351345476676912
0.008472807894622444
0.010594270312567928
0.008472807894622444
0.008472807894622444
0.006351345476676912
0.008472807894622444
0.006351345476676912
0.006351345476676912
0.006351345476676912
0.004225535799678282
0.0020866843455201126
0.004225535799678282
0.004225535799678282
0.004225535799678282
0.006351345476676912
0.004225535799678282
0.008472807894622444
0.008472807894622444
0.006351345476676912
0.010594270312567928
0.008472807894622444
0.006351345476676912
0.006351345476676912
0.004225535799678282
0.006351345476676912
0.006351345476676912
0.0020866843455201126
0.004225535799678282
0.004225535799678282
0.004225535799678282
0.006351345476676912
0.006351345476676912
0.006351345476676912
0.006351345476676912
0.006351345476676912
0.006351345476676912
0.006351345476676912
0.004225535799678282
0.008472807894622444
0.006351345476676912
0.006351345476676912
0.006351345476676912
0.004225535799678282
0.004225535799678282
0.0020866843455201126
0.0020866843455201126
0.004225535799678282
0.004225535799678282
0.0020866843455201126
0.004225535799678282
0.006351345476676912
0.010594270312567928
0.008472807894622444
0.008472807894622444
0.008472807894622444
0.008472807894622444
0.006351345476676912
0.006351345476676912
0.004225535799678282
0.004225535799678282
0.0020866843455201126
0.004225535799678282
0.004225535799678282
0.004225535799678282
0.004225535799678282
0.006351345476676912
0.006351345476676912
0.010594270312567928
0.006351345476676912
0.008472807894622444
0.006351345476676912
0.004225535799678282
0.006351345476676912
0.004225535799678282
0.006351345476676912
0.0020866843455201126
0.0020866843455201126
0.004225535799678282
0.0020866843455201126
0.004225535799678282
0.0020866843455201126
0.004225535799678282
0.004225535799678282
0.004225535799678282
0.004225535799678282
0.006351345476676912
0.006351345476676912
0.006351345476676912
0.006351345476676912
0.004225535799678282
0.006351345476676912
0.006351345476676912
0.004225535799678282
0.004225535799678282
0.0020866843455201126
0.0020866843455201126
0.004225535799678282
0.004225535799678282
0.004225535799678282
0.004225535799678282
0.006351345476676912
0.008472807894622444
0.006351345476676912
0.006351345476676912
0.006351345476676912
0.004225535799678282
0.004225535799678282
0.004225535799678282
0.004225535799678282
0.0020866843455201126
0.0
0.0020866843455201126
0.004225535799678282
0.004225535799678282
0.004225535799678282
0.004225535799678282
0.006351345476676912
0.006351345476676912
0.004225535799678282
0.006351345476676912
0.006351345476676912
0.004225535799678282
0.004225535799678282
0.004225535799678282
0.006351345476676912
0.0020866843455201126
0.0020866843455201126
0.008472807894622444
0.010594270312567928
0.006351345476676912
0.006351345476676912
0.008472807894622444
0.010594270312567928
0.006351345476676912
0.010594270312567928
0.02758335869234448
0.06367430335173672
0.6666652175803155
0.9108377168195454
0.980915532756597
1.0
0.9978698430639481
0.9893926879102726
0.983002217102117
0.9745250619484415
0.9660479067947658
0.9596574359866105
0.949050123896883
0.9405729687432073
0.934182497935052
0.9320523409990001
0.927835499717428
0.9235751858453246
0.917184715037169
0.9150980306916489
0.9129678737555971
0.9087075598834935
0.9065774029474416
0.9044472460113897
0.9023605616658696
0.900230404729818
0.900230404729818
0.8981002477937661
0.8981002477937661
0.900230404729818
0.900230404729818
0.900230404729818
0.900230404729818
0.8981002477937661
0.900230404729818
0.8981002477937661
0.8959700908577142
0.8938399339216623
0.8917097769856104
0.8917097769856104
0.8896230926400905
0.8874929357040386
0.8853627787679867
0.8832326218319348
0.8832326218319348
0.8832326218319348
0.8832326218319348
0.8789723079598314
0.8789723079598314
0.8768421510237795
0.8768421510237795
0.8768421510237795
0.872616615224101
0.872616615224101
0.868369343129157
0.8662478807112115
0.8641220710342129
0.8577533365213234
0.8577533365213234
0.8556318741033778
0.8535060644263791
0.8535060644263791
0.849258792331435
0.8471373299134894
0.845015867495544
0.845015867495544
0.845015867495544
0.8407685954005999
0.8386427857236012
0.8365213233056557
0.8343998608877102
0.8322740512107116
0.8280267791157675
0.825905316697822
0.821658044602878
0.8174107725079337
0.8174107725079337
0.8131678476720428
0.8110420379950442
0.8089205755770986
0.8089205755770986
0.8067947659000999
0.8046733034821545
0.8004260313872102
0.8004260313872102
0.7961787592922661
0.7919358344563752
0.7898100247793766
0.7855627526844324
0.7855627526844324
0.7770725557535973
0.7728252836586532
0.7728252836586532
0.7685780115637091
0.7685780115637091
0.7664565491457636
0.764330739468765
0.7622092770508194
0.7600878146328739
0.7579620049558753
0.753714732860931
0.7494718080250401
0.7473459983480415
0.7452245359300961
0.740977263835152
0.7367299917402078
0.7324827196452637
0.7282397948093727
0.7282397948093727
0.7218667130374299
0.7197452506194844
0.7176237882015389
0.7133765161065947
0.7112507064295961
0.7091292440116506
0.7070077815937051
0.7048819719167065
0.7006346998217623
0.6963917749858713
0.6942659653088727
0.6900186932139286
0.683649958701039
0.6815284962830935
0.6772812241881494
0.6709124896752597
0.6666652175803155
0.6666652175803155
0.6602964830674259
0.6560492109724818
0.6539277485545364
0.6496804764595921
0.6454332043646481
0.641185932269704
0.6369386601747598
0.6348171977568143
0.6284484632439247
0.622079728731035
0.6199539190540364
0.6135851845411467
0.6093379124462026
0.6050906403512586
0.5944746337434248
0.5923531713254793
0.5859844368125896
0.5838586271355909
0.5774898926227013
0.5732426205277572
0.5689996956918663
0.5626266139199235
0.5583836890840325
0.5541364169890884
0.5477676824761988
0.5413946007042559
0.5350258661913664
0.5286571316784767
0.5244098595835326
0.5137938529756988
0.5053036560448637
0.5010563839499196
0.4925618397600313
0.48619310524714165
0.4819458331521975
0.47557709863930786
0.46920749467460765
0.46283789070990733
0.4564682867452071
0.45009868278050685
0.44160587749423985
0.43311307220797285
0.4246202669217058
0.4161274616354388
0.40551145502760505
0.3991418510629048
0.3906490457766378
0.38003303916880404
0.36941703256097025
0.3630482980480807
0.3524322914402469
0.34393774725035864
0.3354475503195235
0.32483154371168976
0.3163369995218015
0.3099682650089119
0.29722644872407944
0.28873625179324436
0.27812024518541056
0.26537842890057817
0.25688823196974303
0.24202495326696516
0.2314089466591314
0.21867147763335215
0.20380819893057422
0.19531365474068596
0.18257618571490672
0.17196017910707295
0.16134417249923919
0.15072816589140542
0.14011215928357168
0.1294961526757379
0.11888014606790415
0.11251141155501455
0.09976959527018212
0.09127939833934703
0.08278485414945876
0.072168847541625
0.06580011302873535
0.057305568838847076
0.048815371908011995
0.04668956223101332
0.040320827718123724
0.03607355562317956
0.033952093205234075
0.029704821110289964
0.02758335869234448
0.0254575490153458
0.023336086597400316
0.023336086597400316
0.019088814502456204
0.01696735208451067
0.01484154240751204
0.012720079989566558
0.012720079989566558
0.012720079989566558
0.010594270312567928
0.008472807894622444
0.008472807894622444
0.008472807894622444
0.008472807894622444
0.008472807894622444
0.008472807894622444
0.008472807894622444
0.008472807894622444
0.010594270312567928
0.010594270312567928
0.010594270312567928
0.010594270312567928
0.010594270312567928
0.010594270312567928
0.010594270312567928
0.010594270312567928
0.008472807894622444
0.006351345476676912
0.008472807894622444
0.006351345476676912
0.006351345476676912
0.008472807894622444
0.008472807894622444
0.008472807894622444
0.010594270312567928
0.010594270312567928
0.012720079989566558
0.010594270312567928
0.010594270312567928
0.010594270312567928
0.010594270312567928
0.010594270312567928
0.010594270312567928
0.008472807894622444
0.008472807894622444
0.006351345476676912
0.008472807894622444
0.008472807894622444
0.008472807894622444
0.008472807894622444
0.010594270312567928
0.012720079989566558
0.012720079989566558
0.010594270312567928
0.010594270312567928
0.012720079989566558
0.010594270312567928
0.010594270312567928
0.010594270312567928
0.010594270312567928
0.008472807894622444
0.006351345476676912
0.006351345476676912
0.008472807894622444
0.006351345476676912
0.010594270312567928
0.010594270312567928
0.010594270312567928
0.012720079989566558
0.010594270312567928
0.012720079989566558
0.012720079989566558
0.010594270312567928
0.010594270312567928
0.010594270312567928
0.010594270312567928
0.008472807894622444
0.004225535799678282
0.006351345476676912
0.006351345476676912
0.008472807894622444
0.008472807894622444
0.008472807894622444
0.008472807894622444
0.010594270312567928
0.010594270312567928
0.012720079989566558
0.010594270312567928
0.010594270312567928
0.010594270312567928
0.008472807894622444
0.010594270312567928
0.008472807894622444
0.006351345476676912
0.006351345476676912
0.006351345476676912
0.006351345476676912
0.008472807894622444
0.006351345476676912
0.008472807894622444
0.010594270312567928
0.010594270312567928
0.012720079989566558
0.008472807894622444
0.010594270312567928
0.010594270312567928
0.008472807894622444
0.006351345476676912
0.008472807894622444
0.006351345476676912
0.008472807894622444
0.006351345476676912
0.006351345476676912
0.006351345476676912
0.006351345476676912
0.006351345476676912
0.006351345476676912
0.008472807894622444
0.008472807894622444
0.008472807894622444
0.010594270312567928
0.008472807894622444
0.008472807894622444
0.008472807894622444
0.008472807894622444
0.008472807894622444
0.004225535799678282
0.0020866843455201126
0.004225535799678282
0.004225535799678282
0.004225535799678282
0.006351345476676912
0.006351345476676912
0.006351345476676912
0.006351345476676912
0.008472807894622444
0.010594270312567928
0.008472807894622444
0.008472807894622444
0.008472807894622444
0.006351345476676912
0.008472807894622444
0.006351345476676912
0.004225535799678282
0.006351345476676912
0.0020866843455201126
0.004225535799678282
0.006351345476676912
0.006351345476676912
0.006351345476676912
0.008472807894622444
0.008472807894622444
0.010594270312567928
0.006351345476676912
0.008472807894622444
0.008472807894622444
0.006351345476676912
0.006351345476676912
0.006351345476676912
0.006351345476676912
0.006351345476676912
0.0020866843455201126
0.004225535799678282
0.006351345476676912
0.004225535799678282
0.006351345476676912
0.006351345476676912
0.006351345476676912
0.008472807894622444
0.006351345476676912
0.008472807894622444
0.008472807894622444
0.006351345476676912
0.008472807894622444
0.006351345476676912
0.006351345476676912
0.006351345476676912
0.0020866843455201126
0.0020866843455201126
0.004225535799678282
0.0020866843455201126
0.004225535799678282
0.006351345476676912
0.004225535799678282
0.006351345476676912
0.008472807894622444
0.008472807894622444
0.008472807894622444
0.008472807894622444
0.006351345476676912
0.006351345476676912
0.006351345476676912
0.006351345476676912
0.0020866843455201126
0.004225535799678282
0.0020866843455201126
0.004225535799678282
0.004225535799678282
0.004225535799678282
0.006351345476676912
0.006351345476676912
0.006351345476676912
0.008472807894622444
0.006351345476676912
0.006351345476676912
0.006351345476676912
0.008472807894622444
0.006351345476676912
0.006351345476676912
0.006351345476676912
0.004225535799678282
0.004225535799678282
0.004225535799678282
0.0020866843455201126
0.0020866843455201126
0.004225535799678282
0.004225535799678282
0.006351345476676912
0.006351345476676912
0.006351345476676912
0.006351345476676912
0.008472807894622444
0.008472807894622444
0.006351345476676912
0.004225535799678282
0.006351345476676912
0.0020866843455201126
0.0020866843455201126
0.004225535799678282
0.0020866843455201126
0.004225535799678282
0.004225535799678282
0.004225535799678282
0.004225535799678282
0.006351345476676912
0.006351345476676912
0.008472807894622444
0.006351345476676912
0.006351345476676912
0.006351345476676912
0.006351345476676912
0.006351345476676912
0.004225535799678282
0.0020866843455201126
0.004225535799678282
0.0020866843455201126
0.0020866843455201126
0.004225535799678282
0.004225535799678282
0.004225535799678282
0.004225535799678282
0.004225535799678282
0.006351345476676912
0.006351345476676912
0.006351345476676912
0.006351345476676912
0.006351345476676912
0.006351345476676912
0.006351345476676912
0.006351345476676912
0.004225535799678282
0.0
0.0020866843455201126
0.0020866843455201126
0.004225535799678282
0.004225535799678282
0.004225535799678282
0.004225535799678282
0.006351345476676912
0.004225535799678282
0.006351345476676912
0.006351345476676912
0.006351345476676912
0.004225535799678282
0.0020866843455201126
0.004225535799678282
0.004225535799678282
0.0020866843455201126
0.008472807894622444
0.010594270312567928
0.006351345476676912
0.008472807894622444
0.008472807894622444
0.010594270312567928
0.006351345476676912
0.010594270312567928
0.029704821110289964
0.06367430335173672
0.6751597617702039
0.9108377168195454
0.9787853758205451
0.9978698430639481
1.0
0.9872625309742207
0.983002217102117
0.9723949050123896
0.963917749858714
0.9554405947050385
0.9469199669608311
0.9405729687432073
0.934182497935052
0.9299221840629484
0.927835499717428
0.9214450289092727
0.917184715037169
0.9150980306916489
0.9108377168195454
0.9087075598834935
0.9065774029474416
0.9044472460113897
0.900230404729818
0.8981002477937661
0.900230404729818
0.8981002477937661
0.8981002477937661
0.8981002477937661
0.8981002477937661
0.8981002477937661
0.900230404729818
0.8981002477937661
0.8981002477937661
0.8981002477937661
0.8959700908577142
0.8938399339216623
0.8917097769856104
0.8917097769856104
0.8874929357040386
0.8853627787679867
0.8853627787679867
0.8853627787679867
0.8832326218319348
0.8811024648958831
0.8811024648958831
0.8811024648958831
0.8789723079598314
0.8768421510237795
0.8789723079598314
0.8747554666782593
0.872616615224101
0.8704908055471026
0.8662478807112115
0.8662478807112115
0.8641220710342129
0.8577533365213234
0.8577533365213234
0.8535060644263791
0.8535060644263791
0.8513846020084337
0.849258792331435
0.849258792331435
0.8471373299134894
0.8471373299134894
0.845015867495544
0.8428900578185453
0.8386427857236012
0.8386427857236012
0.8343998608877102
0.8301525887927661
0.8280267791157675
0.825905316697822
0.821658044602878
0.8195365821849324
0.8174107725079337
0.8152893100899883
0.8110420379950442
0.8110420379950442
0.8067947659000999
0.8067947659000999
0.8067947659000999
0.802551841064209
0.8004260313872102
0.7983045689692648
0.7940572968743207
0.7898100247793766
0.7876885623614311
0.7855627526844324
0.7813198278485415
0.7770725557535973
0.7728252836586532
0.7728252836586532
0.7707038212407078
0.7664565491457636
0.764330739468765
0.7622092770508194
0.7600878146328739
0.7579620049558753
0.7558405425379298
0.7515932704429856
0.7494718080250401
0.7473459983480415
0.740977263835152
0.7388558014172064
0.7367299917402078
0.7303612572273182
0.7282397948093727
0.7239925227144286
0.7197452506194844
0.7176237882015389
0.7176237882015389
0.7133765161065947
0.7112507064295961
0.7091292440116506
0.7070077815937051
0.702760509498761
0.6985132374038169
0.6942659653088727
0.6900186932139286
0.6857757683780377
0.6815284962830935
0.6772812241881494
0.6730339520932052
0.6666652175803155
0.6645437551623701
0.6624179454853715
0.6581706733904273
0.6560492109724818
0.6518019388775377
0.6475546667825935
0.6454332043646481
0.6390644698517585
0.6348171977568143
0.6305699256618701
0.6242011911489805
0.622079728731035
0.6157066469590923
0.6114637221232013
0.6050906403512586
0.5987219058383689
0.5944746337434248
0.5881058992305351
0.5838586271355909
0.5796157022996999
0.5753684302047559
0.5689996956918663
0.5647524235969221
0.560505151501978
0.5562578794070339
0.5520106073120897
0.5435204103812545
0.537151675868365
0.5307785940964221
0.5244098595835326
0.5180411250706429
0.5095465808807547
0.503177846367865
0.4946876494370299
0.48831456766508713
0.4819458331521975
0.47557709863930786
0.46920749467460765
0.46283789070990733
0.4564682867452071
0.45009868278050685
0.44160587749423985
0.43311307220797285
0.4267434682432726
0.4161274616354388
0.4076346563491718
0.3991418510629048
0.39277050819458326
0.38003303916880404
0.3715384949789158
0.3630482980480807
0.35667956353519104
0.34393774725035864
0.3354475503195235
0.32695300612963524
0.31845846193974703
0.3099682650089119
0.29935225840107804
0.28873625179324436
0.28024170760335604
0.2675042385775768
0.2547624222927444
0.24414641568491063
0.23353040907707687
0.21867147763335215
0.20592966134851973
0.19531365474068596
0.18257618571490672
0.17196017910707295
0.16134417249923919
0.15072816589140542
0.14011215928357168
0.1294961526757379
0.12100160848584963
0.11038560187801588
0.1018954049471808
0.08915358866234836
0.08278485414945876
0.072168847541625
0.06792157544668084
0.059431378515845755
0.050936834325957484
0.044568099813067835
0.040320827718123724
0.03607355562317956
0.031826283528235445
0.029704821110289964
0.02758335869234448
0.023336086597400316
0.021210276920401686
0.021210276920401686
0.019088814502456204
0.01696735208451067
0.01484154240751204
0.012720079989566558
0.012720079989566558
0.012720079989566558
0.010594270312567928
0.008472807894622444
0.006351345476676912
0.006351345476676912
0.006351345476676912
0.006351345476676912
0.008472807894622444
0.008472807894622444
0.010594270312567928
0.010594270312567928
0.010594270312567928
0.010594270312567928
0.010594270312567928
0.008472807894622444
0.008472807894622444
0.008472807894622444
0.008472807894622444
0.006351345476676912
0.006351345476676912
0.006351345476676912
0.006351345476676912
0.006351345476676912
0.008472807894622444
0.008472807894622444
0.008472807894622444
0.008472807894622444
0.008472807894622444
0.010594270312567928
0.010594270312567928
0.010594270312567928
0.010594270312567928
0.010594270312567928
0.010594270312567928
0.008472807894622444
0.008472807894622444
0.008472807894622444
0.006351345476676912
0.004225535799678282
0.006351345476676912
0.008472807894622444
0.008472807894622444
0.008472807894622444
0.010594270312567928
0.012720079989566558
0.008472807894622444
0.010594270312567928
0.010594270312567928
0.010594270312567928
0.010594270312567928
0.008472807894622444
0.008472807894622444
0.008472807894622444
0.006351345476676912
0.006351345476676912
0.008472807894622444
0.008472807894622444
0.010594270312567928
0.008472807894622444
0.010594270312567928
0.012720079989566558
0.012720079989566558
0.010594270312567928
0.012720079989566558
0.010594270312567928
0.010594270312567928
0.010594270312567928
0.008472807894622444
0.008472807894622444
0.006351345476676912
0.008472807894622444
0.008472807894622444
0.006351345476676912
0.006351345476676912
0.008472807894622444
0.008472807894622444
0.010594270312567928
0.010594270312567928
0.010594270312567928
0.010594270312567928
0.010594270312567928
0.008472807894622444
0.010594270312567928
0.008472807894622444
0.008472807894622444
0.006351345476676912
0.006351345476676912
0.006351345476676912
0.004225535799678282
0.008472807894622444
0.008472807894622444
0.008472807894622444
0.008472807894622444
0.008472807894622444
0.012720079989566558
0.010594270312567928
0.010594270312567928
0.012720079989566558
0.010594270312567928
0.008472807894622444
0.008472807894622444
0.008472807894622444
0.006351345476676912
0.004225535799678282
0.006351345476676912
0.008472807894622444
0.008472807894622444
0.008472807894622444
0.008472807894622444
0.008472807894622444
0.010594270312567928
0.010594270312567928
0.010594270312567928
0.010594270312567928
0.008472807894622444
0.008472807894622444
0.008472807894622444
0.008472807894622444
0.008472807894622444
0.004225535799678282
0.006351345476676912
0.006351345476676912
0.004225535799678282
0.004225535799678282
0.008472807894622444
0.006351345476676912
0.008472807894622444
0.008472807894622444
0.010594270312567928
0.008472807894622444
0.008472807894622444
0.008472807894622444
0.008472807894622444
0.008472807894622444
0.008472807894622444
0.006351345476676912
0.006351345476676912
0.004225535799678282
0.006351345476676912
0.006351345476676912
0.006351345476676912
0.008472807894622444
0.008472807894622444
0.008472807894622444
0.010594270312567928
0.008472807894622444
0.008472807894622444
0.008472807894622444
0.008472807894622444
0.006351345476676912
0.008472807894622444
0.006351345476676912
0.004225535799678282
0.004225535799678282
0.006351345476676912
0.006351345476676912
0.006351345476676912
0.006351345476676912
0.006351345476676912
0.006351345476676912
0.008472807894622444
0.008472807894622444
0.008472807894622444
0.010594270312567928
0.008472807894622444
0.006351345476676912
0.006351345476676912
0.006351345476676912
0.004225535799678282
0.004225535799678282
0.0020866843455201126
0.006351345476676912
0.0020866843455201126
0.004225535799678282
0.006351345476676912
0.006351345476676912
0.008472807894622444
0.006351345476676912
0.008472807894622444
0.008472807894622444
0.008472807894622444
0.006351345476676912
0.006351345476676912
0.006351345476676912
0.006351345476676912
0.004225535799678282
0.006351345476676912
0.004225535799678282
0.004225535799678282
0.004225535799678282
0.004225535799678282
0.006351345476676912
0.006351345476676912
0.006351345476676912
0.008472807894622444
0.006351345476676912
0.006351345476676912
0.008472807894622444
0.008472807894622444
0.006351345476676912
0.006351345476676912
0.006351345476676912
0.0020866843455201126
0.0020866843455201126
0.004225535799678282
0.004225535799678282
0.0020866843455201126
0.004225535799678282
0.004225535799678282
0.006351345476676912
0.008472807894622444
0.008472807894622444
0.008472807894622444
0.008472807894622444
0.006351345476676912
0.006351345476676912
0.004225535799678282
0.006351345476676912
0.004225535799678282
0.004225535799678282
0.004225535799678282
0.004225535799678282
0.004225535799678282
0.004225535799678282
0.006351345476676912
0.004225535799678282
0.004225535799678282
0.004225535799678282
0.006351345476676912
0.006351345476676912
0.004225535799678282
0.006351345476676912
0.006351345476676912
0.006351345476676912
0.006351345476676912
0.004225535799678282
0.004225535799678282
0.0020866843455201126
0.0020866843455201126
0.0020866843455201126
0.004225535799678282
0.004225535799678282
0.004225535799678282
0.006351345476676912
0.006351345476676912
0.006351345476676912
0.004225535799678282
0.006351345476676912
0.006351345476676912
0.004225535799678282
0.006351345476676912
0.004225535799678282
0.0020866843455201126
0.0020866843455201126
0.0020866843455201126
0.004225535799678282
0.0020866843455201126
0.004225535799678282
0.006351345476676912
0.004225535799678282
0.006351345476676912
0.006351345476676912
0.006351345476676912
0.006351345476676912
0.004225535799678282
0.004225535799678282
0.004225535799678282
0.006351345476676912
0.004225535799678282
0.0020866843455201126
0.006351345476676912
0.010594270312567928
0.006351345476676912
0.006351345476676912
0.006351345476676912
0.008472807894622444
0.006351345476676912
0.010594270312567928
0.02758335869234448
0.06580011302873535
0.6857757683780377
0.9108377168195454
0.980915532756597
0.9978698430639481
0.9978698430639481
0.9915228448463245
0.983002217102117
0.9766552188844932
0.9660479067947658
0.9554405947050385
0.949050123896883
0.9427031256792592
0.9363126548711037
0.9299221840629484
0.927835499717428
0.9235751858453246
0.9193148719732209
0.917184715037169
0.9108377168195454
0.9087075598834935
0.9065774029474416
0.9065774029474416
0.9023605616658696
0.8981002477937661
0.900230404729818
0.900230404729818
0.900230404729818
0.9023605616658696
0.8981002477937661
0.900230404729818
0.8981002477937661
0.8981002477937661
0.8981002477937661
0.8981002477937661
0.8959700908577142
0.8959700908577142
0.8938399339216623
0.8917097769856104
0.8917097769856104
0.8874929357040386
0.8853627787679867
0.8853627787679867
0.8853627787679867
0.8832326218319348
0.8832326218319348
0.8811024648958831
0.8789723079598314
0.8789723079598314
0.8789723079598314
0.8768421510237795
0.8747554666782593
0.8704908055471026
0.868369343129157
0.868369343129157
0.8641220710342129
0.8620006086162675
0.8577533365213234
0.8577533365213234
0.8556318741033778
0.8535060644263791
0.8513846020084337
0.849258792331435
0.849258792331435
0.845015867495544
0.845015867495544
0.8428900578185453
0.8407685954005999
0.8386427857236012
0.8365213233056557
0.8322740512107116
0.8301525887927661
0.825905316697822
0.821658044602878
0.8174107725079337
0.8174107725079337
0.8152893100899883
0.8131678476720428
0.8110420379950442
0.8089205755770986
0.8067947659000999
0.8067947659000999
0.8046733034821545
0.8004260313872102
0.7983045689692648
0.7940572968743207
0.7898100247793766
0.7898100247793766
0.7855627526844324
0.7813198278485415
0.7791940181715429
0.7770725557535973
0.7728252836586532
0.7685780115637091
0.7685780115637091
0.7664565491457636
0.764330739468765
0.7622092770508194
0.7579620049558753
0.7558405425379298
0.753714732860931
0.7473459983480415
0.7473459983480415
0.7430987262530974
0.7388558014172064
0.7367299917402078
0.7324827196452637
0.7282397948093727
0.7239925227144286
0.7197452506194844
0.7176237882015389
0.7154979785245402
0.7133765161065947
0.7112507064295961
0.7070077815937051
0.7048819719167065
0.702760509498761
0.6963917749858713
0.6942659653088727
0.6921445028909273
0.6857757683780377
0.683649958701039
0.6751597617702039
0.6709124896752597
0.668786679998261
0.6645437551623701
0.6624179454853715
0.6581706733904273
0.6539277485545364
0.6518019388775377
0.6475546667825935
0.6454332043646481
0.6390644698517585
0.6348171977568143
0.6305699256618701
0.6242011911489805
0.6199539190540364
0.6157066469590923
0.6093379124462026
0.6050906403512586
0.5987219058383689
0.5944746337434248
0.5902317089075337
0.5838586271355909
0.5796157022996999
0.5753684302047559
0.5689996956918663
0.5647524235969221
0.5583836890840325
0.5541364169890884
0.5477676824761988
0.5413946007042559
0.537151675868365
0.5307785940964221
0.5222883971655871
0.5159196626526974
0.5074251184628092
0.49893057427292087
0.4946876494370299
0.48619310524714165
0.4798235012824414
0.47557709863930786
0.46920749467460765
0.46283789070990733
0.4564682867452071
0.45009868278050685
0.44160587749423985
0.43311307220797285
0.4267434682432726
0.4161274616354388
0.40551145502760505
0.3991418510629048
0.3906490457766378
0.38003303916880404
0.3715384949789158
0.360922488371082
0.3545537538581924
0.34393774725035864
0.3354475503195235
0.32695300612963524
0.31845846193974703
0.3099682650089119
0.29935225840107804
0.2866104421162457
0.2759944355084119
0.26537842890057817
0.25688823196974303
0.24202495326696516
0.2314089466591314
0.22079294005129763
0.20592966134851973
0.19531365474068596
0.1846976481328522
0.17196017910707295
0.16134417249923919
0.15072816589140542
0.14011215928357168
0.1294961526757379
0.11888014606790415
0.11038560187801588
0.09976959527018212
0.09127939833934703
0.08278485414945876
0.072168847541625
0.06580011302873535
0.057305568838847076
0.048815371908011995
0.042442290136069205
0.040320827718123724
0.033952093205234075
0.031826283528235445
0.02758335869234448
0.02758335869234448
0.023336086597400316
0.023336086597400316
0.021210276920401686
0.019088814502456204
0.01696735208451067
0.01484154240751204
0.012720079989566558
0.012720079989566558
0.010594270312567928
0.010594270312567928
0.008472807894622444
0.006351345476676912
0.008472807894622444
0.008472807894622444
0.008472807894622444
0.008472807894622444
0.008472807894622444
0.008472807894622444
0.010594270312567928
0.010594270312567928
0.010594270312567928
0.010594270312567928
0.008472807894622444
0.010594270312567928
0.008472807894622444
0.008472807894622444
0.008472807894622444
0.008472807894622444
0.008472807894622444
0.006351345476676912
0.006351345476676912
0.006351345476676912
0.008472807894622444
0.008472807894622444
0.010594270312567928
0.010594270312567928
0.012720079989566558
0.012720079989566558
0.010594270312567928
0.008472807894622444
0.008472807894622444
0.010594270312567928
0.008472807894622444
0.006351345476676912
0.006351345476676912
0.006351345476676912
0.006351345476676912
0.008472807894622444
0.008472807894622444
0.010594270312567928
0.010594270312567928
0.010594270312567928
0.010594270312567928
0.010594270312567928
0.010594270312567928
0.010594270312567928
0.010594270312567928
0.010594270312567928
0.010594270312567928
0.008472807894622444
0.008472807894622444
0.008472807894622444
0.008472807894622444
0.010594270312567928
0.008472807894622444
0.010594270312567928
0.010594270312567928
0.010594270312567928
0.012720079989566558
0.012720079989566558
0.012720079989566558
0.012720079989566558
0.010594270312567928
0.010594270312567928
0.008472807894622444
0.010594270312567928
0.010594270312567928
0.008472807894622444
0.008472807894622444
0.008472807894622444
0.006351345476676912
0.006351345476676912
0.008472807894622444
0.008472807894622444
0.010594270312567928
0.008472807894622444
0.010594270312567928
0.012720079989566558
0.010594270312567928
0.010594270312567928
0.008472807894622444
0.008472807894622444
0.008472807894622444
0.006351345476676912
0.006351345476676912
0.006351345476676912
0.004225535799678282
0.008472807894622444
0.008472807894622444
0.008472807894622444
0.008472807894622444
0.008472807894622444
0.010594270312567928
0.010594270312567928
0.008472807894622444
0.010594270312567928
0.010594270312567928
0.010594270312567928
0.010594270312567928
0.008472807894622444
0.006351345476676912
0.006351345476676912
0.006351345476676912
0.008472807894622444
0.008472807894622444
0.008472807894622444
0.008472807894622444
0.008472807894622444
0.008472807894622444
0.010594270312567928
0.010594270312567928
0.010594270312567928
0.006351345476676912
0.008472807894622444
0.008472807894622444
0.008472807894622444
0.008472807894622444
0.004225535799678282
0.004225535799678282
0.006351345476676912
0.004225535799678282
0.006351345476676912
0.006351345476676912
0.006351345476676912
0.008472807894622444
0.008472807894622444
0.008472807894622444
0.008472807894622444
0.008472807894622444
0.008472807894622444
0.006351345476676912
0.008472807894622444
0.006351345476676912
0.004225535799678282
0.0020866843455201126
0.004225535799678282
0.004225535799678282
0.006351345476676912
0.006351345476676912
0.008472807894622444
0.008472807894622444
0.008472807894622444
0.008472807894622444
0.008472807894622444
0.006351345476676912
0.008472807894622444
0.006351345476676912
0.006351345476676912
0.006351345476676912
0.006351345476676912
0.004225535799678282
0.004225535799678282
0.004225535799678282
0.006351345476676912
0.006351345476676912
0.006351345476676912
0.006351345476676912
0.006351345476676912
0.008472807894622444
0.008472807894622444
0.006351345476676912
0.008472807894622444
0.006351345476676912
0.006351345476676912
0.006351345476676912
0.006351345476676912
0.006351345476676912
0.004225535799678282
0.004225535799678282
0.004225535799678282
0.004225535799678282
0.004225535799678282
0.006351345476676912
0.006351345476676912
0.006351345476676912
0.008472807894622444
0.008472807894622444
0.008472807894622444
0.008472807894622444
0.006351345476676912
0.006351345476676912
0.006351345476676912
0.004225535799678282
0.0020866843455201126
0.0020866843455201126
0.004225535799678282
0.004225535799678282
0.004225535799678282
0.004225535799678282
0.004225535799678282
0.006351345476676912
0.006351345476676912
0.006351345476676912
0.008472807894622444
0.006351345476676912
0.006351345476676912
0.008472807894622444
0.006351345476676912
0.006351345476676912
0.004225535799678282
0.0020866843455201126
0.004225535799678282
0.0020866843455201126
0.004225535799678282
0.004225535799678282
0.004225535799678282
0.004225535799678282
0.006351345476676912
0.008472807894622444
0.008472807894622444
0.006351345476676912
0.006351345476676912
0.006351345476676912
0.004225535799678282
0.006351345476676912
0.004225535799678282
0.004225535799678282
0.004225535799678282
0.004225535799678282
0.006351345476676912
0.0020866843455201126
0.004225535799678282
0.006351345476676912
0.006351345476676912
0.006351345476676912
0.006351345476676912
0.006351345476676912
0.008472807894622444
0.006351345476676912
0.006351345476676912
0.006351345476676912
0.006351345476676912
0.006351345476676912
0.0020866843455201126
0.0020866843455201126
0.0020866843455201126
0.0020866843455201126
0.0020866843455201126
0.0020866843455201126
0.004225535799678282
0.006351345476676912
0.006351345476676912
0.006351345476676912
0.006351345476676912
0.006351345476676912
0.006351345476676912
0.004225535799678282
0.006351345476676912
0.006351345476676912
0.004225535799678282
0.0020866843455201126
0.0020866843455201126
0.0020866843455201126
0.004225535799678282
0.004225535799678282
0.004225535799678282
0.006351345476676912
0.006351345476676912
0.008472807894622444
0.008472807894622444
0.006351345476676912
0.006351345476676912
0.006351345476676912
0.006351345476676912
0.004225535799678282
0.004225535799678282
0.004225535799678282
0.0020866843455201126
0.008472807894622444
0.012720079989566558
0.008472807894622444
0.008472807894622444
0.008472807894622444
0.010594270312567928
0.008472807894622444
0.010594270312567928
0.02758335869234448
0.06367430335173672
0.7006346998217623
0.9108377168195454
0.980915532756597
0.9978698430639481
0.9978698430639481
0.9893926879102726
0.980915532756597
0.9766552188844932
0.963917749858714
0.9575272790505586
0.9511802808329347
0.9427031256792592
0.9363126548711037
0.9299221840629484
0.927835499717428
0.9235751858453246
0.917184715037169
0.917184715037169
0.9129678737555971
0.9108377168195454
0.9087075598834935
0.9044472460113897
0.900230404729818
0.9023605616658696
0.900230404729818
0.900230404729818
0.900230404729818
0.900230404729818
0.900230404729818
0.900230404729818
0.9023605616658696
0.9023605616658696
0.8981002477937661
0.900230404729818
0.8981002477937661
0.8959700908577142
0.8938399339216623
0.8917097769856104
0.8896230926400905
0.8896230926400905
0.8874929357040386
0.8874929357040386
0.8853627787679867
0.8832326218319348
0.8853627787679867
0.8832326218319348
0.8811024648958831
0.8789723079598314
0.8789723079598314
0.8768421510237795
0.8747554666782593
0.872616615224101
0.868369343129157
0.868369343129157
0.8662478807112115
0.8598747989392688
0.8577533365213234
0.8577533365213234
0.8535060644263791
0.8535060644263791
0.8513846020084337
0.849258792331435
0.849258792331435
0.8471373299134894
0.845015867495544
0.845015867495544
0.8407685954005999
0.8407685954005999
0.8365213233056557
0.8322740512107116
0.8301525887927661
0.8280267791157675
0.821658044602878
0.8195365821849324
0.8174107725079337
0.8174107725079337
0.8152893100899883
0.8110420379950442
0.8089205755770986
0.8089205755770986
0.8067947659000999
0.8067947659000999
0.8004260313872102
0.7983045689692648
0.7919358344563752
0.7898100247793766
0.7876885623614311
0.7855627526844324
0.7813198278485415
0.7791940181715429
0.7749467460765987
0.7728252836586532
0.7685780115637091
0.7664565491457636
0.7664565491457636
0.7622092770508194
0.7600878146328739
0.7579620049558753
0.7558405425379298
0.7558405425379298
0.7494718080250401
0.7452245359300961
0.7430987262530974
0.7388558014172064
0.7346085293222624
0.7282397948093727
0.7239925227144286
0.7239925227144286
0.7218667130374299
0.7197452506194844
0.7176237882015389
0.7133765161065947
0.7133765161065947
0.7070077815937051
0.7048819719167065
0.702760509498761
0.6963917749858713
0.6942659653088727
0.6900186932139286
0.6857757683780377
0.6815284962830935
0.6772812241881494
0.6730339520932052
0.668786679998261
0.6645437551623701
0.6602964830674259
0.6581706733904273
0.6539277485545364
0.6518019388775377
0.6475546667825935
0.6454332043646481
0.6433117419467026
0.6348171977568143
0.6326957353388688
0.626322653566926
0.622079728731035
0.6157066469590923
0.6135851845411467
0.6050906403512586
0.5987219058383689
0.5944746337434248
0.5902317089075337
0.5838586271355909
0.5796157022996999
0.5753684302047559
0.5689996956918663
0.5668738860148675
0.560505151501978
0.5541364169890884
0.5498891448941442
0.5413946007042559
0.5350258661913664
0.5286571316784767
0.5222883971655871
0.5159196626526974
0.5095465808807547
0.49893057427292087
0.4946876494370299
0.48619310524714165
0.4819458331521975
0.47557709863930786
0.46920749467460765
0.46283789070990733
0.4564682867452071
0.45009868278050685
0.44160587749423985
0.43311307220797285
0.4267434682432726
0.4182506629570056
0.4076346563491718
0.3991418510629048
0.3906490457766378
0.38003303916880404
0.37366430465591444
0.3630482980480807
0.3545537538581924
0.34606355692735724
0.337569012737469
0.32695300612963524
0.3205842716167456
0.31208972742685737
0.30147372081902357
0.28873625179324436
0.27812024518541056
0.2675042385775768
0.25688823196974303
0.24414641568491063
0.2314089466591314
0.22079294005129763
0.20805547102551838
0.19531365474068596
0.1846976481328522
0.17196017910707295
0.16134417249923919
0.15284962830935092
0.14011215928357168
0.1294961526757379
0.12100160848584963
0.1082641394600704
0.09976959527018212
0.09127939833934703
0.08278485414945876
0.072168847541625
0.06580011302873535
0.059431378515845755
0.050936834325957484
0.042442290136069205
0.03819936530017824
0.033952093205234075
0.031826283528235445
0.029704821110289964
0.02758335869234448
0.0254575490153458
0.023336086597400316
0.019088814502456204
0.019088814502456204
0.01484154240751204
0.01696735208451067
0.01484154240751204
0.012720079989566558
0.012720079989566558
0.010594270312567928
0.008472807894622444
0.008472807894622444
0.006351345476676912
0.008472807894622444
0.008472807894622444
0.006351345476676912
0.008472807894622444
0.008472807894622444
0.010594270312567928
0.012720079989566558
0.010594270312567928
0.012720079989566558
0.010594270312567928
0.008472807894622444
0.010594270312567928
0.010594270312567928
0.008472807894622444
0.008472807894622444
0.006351345476676912
0.008472807894622444
0.006351345476676912
0.006351345476676912
0.008472807894622444
0.010594270312567928
0.010594270312567928
0.012720079989566558
0.010594270312567928
0.012720079989566558
0.010594270312567928
0.010594270312567928
0.008472807894622444
0.010594270312567928
0.008472807894622444
0.008472807894622444
0.006351345476676912
0.008472807894622444
0.004225535799678282
0.008472807894622444
0.008472807894622444
0.008472807894622444
0.010594270312567928
0.010594270312567928
0.010594270312567928
0.012720079989566558
0.010594270312567928
0.012720079989566558
0.012720079989566558
0.010594270312567928
0.010594270312567928
0.008472807894622444
0.008472807894622444
0.010594270312567928
0.008472807894622444
0.008472807894622444
0.010594270312567928
0.010594270312567928
0.010594270312567928
0.012720079989566558
0.012720079989566558
0.01484154240751204
0.010594270312567928
0.012720079989566558
0.010594270312567928
0.008472807894622444
0.008472807894622444
0.010594270312567928
0.010594270312567928
0.008472807894622444
0.004225535799678282
0.008472807894622444
0.006351345476676912
0.006351345476676912
0.010594270312567928
0.008472807894622444
0.010594270312567928
0.010594270312567928
