0.024370000000000003
0.024370000000000003
0.019490000000000007
0.019490000000000007
0.019490000000000007
0.0146099999999999
0.0146099999999999
0.009719999999999951
0.009719999999999951
0.009719999999999951
0.009719999999999951
0.0146099999999999
0.0146099999999999
0.019490000000000007
0.019490000000000007
0.024370000000000003
0.019490000000000007
0.024370000000000003
0.019490000000000007
0.019490000000000007
0.019490000000000007
0.0146099999999999
0.0146099999999999
0.009719999999999951
0.009719999999999951
0.0146099999999999
0.0146099999999999
0.019490000000000007
0.0146099999999999
0.0146099999999999
0.019490000000000007
0.019490000000000007
0.019490000000000007
0.029259999999999953
0.019490000000000007
0.019490000000000007
0.019490000000000007
0.0146099999999999
0.0146099999999999
0.0146099999999999
0.0146099999999999
0.0146099999999999
0.009719999999999951
0.009719999999999951
0.009719999999999951
0.0146099999999999
0.0146099999999999
0.019490000000000007
0.019490000000000007
0.024370000000000003
0.0146099999999999
0.019490000000000007
0.019490000000000007
0.019490000000000007
0.019490000000000007
0.019490000000000007
0.0146099999999999
0.009719999999999951
0.0047999999999999154
0.0146099999999999
0.009719999999999951
0.0146099999999999
0.019490000000000007
0.019490000000000007
0.019490000000000007
0.024370000000000003
0.0146099999999999
0.024370000000000003
0.019490000000000007
0.019490000000000007
0.0146099999999999
0.0146099999999999
0.0146099999999999
0.009719999999999951
0.0047999999999999154
0.0146099999999999
0.009719999999999951
0.0146099999999999
0.0146099999999999
0.0146099999999999
0.0146099999999999
0.0146099999999999
0.019490000000000007
0.024370000000000003
0.0146099999999999
0.0146099999999999
0.0146099999999999
0.0146099999999999
0.0146099999999999
0.0146099999999999
0.009719999999999951
0.024370000000000003
0.029259999999999953
0.019490000000000007
0.019490000000000007
0.024370000000000003
0.029259999999999953
0.019490000000000007
0.029259999999999953
0.07321
0.15135999999999994
1.58237
2.1001
2.2661
2.3003
2.2954
2.2808
2.2661
2.2417
2.2271
2.2026
2.1831
2.1685
2.1586999999999996
2.144
2.1342999999999996
2.1196
2.1196
2.1098
2.1001
2.0952
2.0903
2.0854
2.0757
2.0708
2.0757
2.0659
2.0708
2.0708
2.0757
2.0708
2.0708
2.0708
2.0757
2.0659
2.0659
2.061
2.0561
2.0511999999999997
2.0511999999999997
2.0415
2.0464
2.0366
2.0366
2.0317
2.0317
2.0267999999999997
2.0267999999999997
2.0219
2.0267999999999997
2.0122
2.0122
2.00239
1.99751
1.99263
1.98774
1.97797
1.97309
1.96821
1.97309
1.96332
1.95355
1.95355
1.95355
1.94867
1.94379
1.9340199999999999
1.9340199999999999
1.9291299999999998
1.9193699999999998
1.9096
1.9096
1.89983
1.89006
1.88029
1.88029
1.87053
1.87053
1.86076
1.86076
1.85587
1.85099
1.84611
1.84611
1.8363399999999999
1.8265699999999998
1.8216899999999998
1.8168
1.80703
1.79727
1.7875
1.7875
1.77285
1.76796
1.76796
1.76308
1.75819
1.75331
1.7435399999999999
1.7435399999999999
1.7288899999999998
1.7288899999999998
1.71424
1.70447
1.69959
1.6947
1.68493
1.67028
1.66051
1.66051
1.65563
1.6458599999999999
1.65563
1.6312099999999998
1.6263299999999998
1.62144
1.61167
1.60679
1.59702
1.59214
1.57749
1.56772
1.55795
1.54818
1.5335299999999998
1.5335299999999998
1.5188799999999998
1.51399
1.50423
1.49446
1.48957
1.47981
1.47004
1.46515
1.45539
1.4407299999999998
1.4309699999999999
1.41143
1.40166
1.39189
1.37724
1.37236
1.35282
1.34794
1.3332899999999999
1.3284
1.30887
1.2991
1.29421
1.2844499999999999
1.26003
1.25026
1.2356099999999999
1.21607
1.2063
1.1867699999999999
1.17211
1.15258
1.13304
1.12816
1.11351
1.0939699999999999
1.0842019999999999
1.064666
1.050014
1.030478
1.015826
1.001174
0.9816379999999999
0.9621019999999999
0.9425659999999999
0.9230299999999999
0.9034899999999999
0.87907
0.8546499999999999
0.84
0.81558
0.8009299999999999
0.7813899999999999
0.7569699999999999
0.7374399999999999
0.7179
0.6934799999999999
0.6788299999999999
0.6446399999999999
0.62022
0.5957999999999999
0.5665
0.53719
0.51277
0.48346999999999996
0.45904999999999996
0.42974999999999997
0.40532999999999997
0.38090999999999997
0.3515999999999999
0.33207
0.3027599999999999
0.28323
0.26369
0.23439
0.21972999999999998
0.19043
0.17577999999999994
0.15135999999999994
0.13671
0.12693999999999994
0.10739999999999994
0.09275
0.08787
0.08297999999999994
0.06833
0.06833
0.06345
0.058559999999999945
0.05367999999999995
0.043910000000000005
0.04879
0.043910000000000005
0.03413999999999995
0.03413999999999995
0.029259999999999953
0.029259999999999953
0.019490000000000007
0.019490000000000007
0.024370000000000003
0.019490000000000007
0.019490000000000007
0.019490000000000007
0.024370000000000003
0.024370000000000003
0.029259999999999953
0.029259999999999953
0.03413999999999995
0.024370000000000003
0.024370000000000003
0.024370000000000003
0.024370000000000003
0.024370000000000003
0.024370000000000003
0.019490000000000007
0.024370000000000003
0.019490000000000007
0.024370000000000003
0.019490000000000007
0.024370000000000003
0.024370000000000003
0.029259999999999953
0.029259999999999953
0.03413999999999995
0.029259999999999953
0.03413999999999995
0.03413999999999995
0.03413999999999995
0.029259999999999953
0.029259999999999953
0.024370000000000003
0.019490000000000007
0.019490000000000007
0.024370000000000003
0.024370000000000003
0.024370000000000003
0.029259999999999953
0.029259999999999953
0.029259999999999953
0.03413999999999995
0.024370000000000003
0.03413999999999995
0.029259999999999953
0.024370000000000003
0.019490000000000007
0.024370000000000003
0.024370000000000003
0.024370000000000003
0.019490000000000007
0.024370000000000003
0.019490000000000007
0.024370000000000003
0.024370000000000003
0.029259999999999953
0.024370000000000003
0.029259999999999953
0.029259999999999953
0.03413999999999995
0.029259999999999953
0.029259999999999953
0.029259999999999953
0.029259999999999953
0.029259999999999953
0.024370000000000003
0.019490000000000007
0.029259999999999953
0.019490000000000007
0.024370000000000003
0.019490000000000007
0.029259999999999953
0.029259999999999953
0.029259999999999953
0.029259999999999953
0.03413999999999995
0.029259999999999953
0.029259999999999953
0.029259999999999953
0.024370000000000003
0.024370000000000003
0.024370000000000003
0.019490000000000007
0.0146099999999999
0.009719999999999951
0.019490000000000007
0.019490000000000007
0.019490000000000007
0.024370000000000003
0.024370000000000003
0.024370000000000003
0.024370000000000003
0.024370000000000003
0.029259999999999953
0.029259999999999953
0.019490000000000007
0.024370000000000003
0.019490000000000007
0.019490000000000007
0.0146099999999999
0.0146099999999999
0.019490000000000007
0.0146099999999999
0.019490000000000007
0.019490000000000007
0.024370000000000003
0.024370000000000003
0.024370000000000003
0.029259999999999953
0.03413999999999995
0.024370000000000003
0.019490000000000007
0.029259999999999953
0.024370000000000003
0.024370000000000003
0.019490000000000007
0.0146099999999999
0.019490000000000007
0.0146099999999999
0.0146099999999999
0.019490000000000007
0.019490000000000007
0.019490000000000007
0.019490000000000007
0.024370000000000003
0.029259999999999953
0.019490000000000007
0.024370000000000003
0.024370000000000003
0.019490000000000007
0.0146099999999999
0.0146099999999999
0.019490000000000007
0.0146099999999999
0.009719999999999951
0.0146099999999999
0.019490000000000007
0.0146099999999999
0.019490000000000007
0.019490000000000007
0.024370000000000003
0.024370000000000003
0.019490000000000007
0.029259999999999953
0.024370000000000003
0.019490000000000007
0.019490000000000007
0.019490000000000007
0.0146099999999999
0.0146099999999999
0.0146099999999999
0.0146099999999999
0.009719999999999951
0.0146099999999999
0.0146099999999999
0.019490000000000007
0.019490000000000007
0.024370000000000003
0.024370000000000003
0.024370000000000003
0.0146099999999999
0.019490000000000007
0.019490000000000007
0.019490000000000007
0.0146099999999999
0.0146099999999999
0.009719999999999951
0.0146099999999999
0.0047999999999999154
0.009719999999999951
0.009719999999999951
0.009719999999999951
0.0146099999999999
0.019490000000000007
0.019490000000000007
0.024370000000000003
0.019490000000000007
0.024370000000000003
0.019490000000000007
0.019490000000000007
0.019490000000000007
0.019490000000000007
0.0146099999999999
0.009719999999999951
0.0047999999999999154
0.009719999999999951
0.009719999999999951
0.0146099999999999
0.0146099999999999
0.019490000000000007
0.019490000000000007
0.019490000000000007
0.0146099999999999
0.019490000000000007
0.0146099999999999
0.0146099999999999
0.0146099999999999
0.009719999999999951
0.0146099999999999
0.009719999999999951
0.009719999999999951
0.0146099999999999
0.009719999999999951
0.0146099999999999
0.009719999999999951
0.0146099999999999
0.0146099999999999
0.0146099999999999
0.0146099999999999
0.019490000000000007
0.0146099999999999
0.019490000000000007
0.0146099999999999
0.0146099999999999
0.0146099999999999
0.0146099999999999
0.009719999999999951
0.009719999999999951
0.009719999999999951
0.0047999999999999154
0.009719999999999951
0.0146099999999999
0.009719999999999951
0.0146099999999999
0.019490000000000007
0.024370000000000003
0.0146099999999999
0.019490000000000007
0.019490000000000007
0.0146099999999999
0.0146099999999999
0.0146099999999999
0.009719999999999951
0.009719999999999951
0.0047999999999999154
0.009719999999999951
0.009719999999999951
0.009719999999999951
0.0146099999999999
0.0146099999999999
0.019490000000000007
0.019490000000000007
0.009719999999999951
0.019490000000000007
0.0146099999999999
0.0146099999999999
0.009719999999999951
0.0146099999999999
0.0146099999999999
0.009719999999999951
0.0047999999999999154
0.0146099999999999
0.0047999999999999154
0.009719999999999951
0.0146099999999999
0.0146099999999999
0.0146099999999999
0.0146099999999999
0.0146099999999999
0.019490000000000007
0.0146099999999999
0.0146099999999999
0.0146099999999999
0.0146099999999999
0.019490000000000007
0.0146099999999999
0.009719999999999951
0.024370000000000003
0.024370000000000003
0.024370000000000003
0.019490000000000007
0.019490000000000007
0.024370000000000003
0.0146099999999999
0.029259999999999953
0.07321
0.14647
1.58725
2.1001
2.2611999999999997
2.2954
2.2954
2.2808
2.2611999999999997
2.2417
2.2222
2.1978
2.1782
2.1685
2.1538
2.144
2.1294
2.1196
2.1196
2.1098
2.1001
2.0903
2.0854
2.0805
2.0757
2.0659
2.0708
2.0659
2.0708
2.0708
2.0708
2.0659
2.0708
2.0708
2.0708
2.0659
2.061
2.061
2.0561
2.0561
2.0511999999999997
2.0415
2.0464
2.0317
2.0366
2.0317
2.0317
2.0317
2.0267999999999997
2.0267999999999997
2.0267999999999997
2.0122
2.017
2.0072799999999997
2.00239
1.99751
1.99263
1.98286
1.97797
1.97309
1.96821
1.96332
1.96332
1.95844
1.95355
1.94867
1.94379
1.9340199999999999
1.9388999999999998
1.9340199999999999
1.9193699999999998
1.91448
1.9096
1.89983
1.89495
1.88518
1.88029
1.87053
1.87053
1.86564
1.86564
1.85587
1.85099
1.84611
1.84611
1.8363399999999999
1.8314499999999998
1.8265699999999998
1.8216899999999998
1.81192
1.80215
1.7875
1.7875
1.77773
1.77285
1.76796
1.76308
1.75819
1.75819
1.74843
1.74843
1.7337699999999998
1.7288899999999998
1.71912
1.70935
1.70447
1.69959
1.68982
1.67517
1.66051
1.6654
1.65563
1.6458599999999999
1.6409799999999999
1.6360899999999998
1.6263299999999998
1.6263299999999998
1.61656
1.61167
1.59702
1.58725
1.58237
1.5726
1.56283
1.54818
1.5433
1.5335299999999998
1.5188799999999998
1.51399
1.50911
1.49934
1.49446
1.48469
1.47492
1.47004
1.45539
1.4407299999999998
1.4309699999999999
1.4212
1.41143
1.39678
1.37724
1.36747
1.35282
1.34794
1.3381699999999999
1.3284
1.31863
1.30398
1.29421
1.2844499999999999
1.26491
1.25514
1.2356099999999999
1.22095
1.21119
1.1916499999999999
1.17211
1.15258
1.1379299999999999
1.12816
1.10862
1.098854
1.079318
1.064666
1.054898
1.035362
1.015826
1.006058
0.9816379999999999
0.9669859999999999
0.9425659999999999
0.9279139999999999
0.9034899999999999
0.88396
0.85954
0.84
0.8107
0.7960499999999999
0.7765099999999999
0.7569699999999999
0.7374399999999999
0.71302
0.6934799999999999
0.6788299999999999
0.6446399999999999
0.61534
0.5909199999999999
0.5665
0.53719
0.50789
0.47858999999999996
0.45904999999999996
0.4248599999999999
0.4004399999999999
0.3760199999999999
0.3515999999999999
0.3271799999999999
0.30765
0.28323
0.25881
0.23439
0.21972999999999998
0.19530999999999998
0.17577999999999994
0.15623999999999993
0.14159
0.12204999999999999
0.10739999999999994
0.09275
0.08787
0.07809999999999995
0.06833
0.06345
0.058559999999999945
0.058559999999999945
0.05367999999999995
0.043910000000000005
0.04879
0.0390299999999999
0.03413999999999995
0.029259999999999953
0.03413999999999995
0.024370000000000003
0.019490000000000007
0.019490000000000007
0.019490000000000007
0.019490000000000007
0.019490000000000007
0.019490000000000007
0.019490000000000007
0.024370000000000003
0.024370000000000003
0.029259999999999953
0.029259999999999953
0.024370000000000003
0.024370000000000003
0.024370000000000003
0.024370000000000003
0.019490000000000007
0.024370000000000003
0.019490000000000007
0.024370000000000003
0.019490000000000007
0.024370000000000003
0.024370000000000003
0.024370000000000003
0.024370000000000003
0.024370000000000003
0.029259999999999953
0.03413999999999995
0.024370000000000003
0.029259999999999953
0.029259999999999953
0.029259999999999953
0.024370000000000003
0.029259999999999953
0.019490000000000007
0.019490000000000007
0.0146099999999999
0.024370000000000003
0.019490000000000007
0.019490000000000007
0.019490000000000007
0.019490000000000007
0.024370000000000003
0.029259999999999953
0.024370000000000003
0.029259999999999953
0.029259999999999953
0.024370000000000003
0.019490000000000007
0.019490000000000007
0.019490000000000007
0.019490000000000007
0.0146099999999999
0.024370000000000003
0.019490000000000007
0.019490000000000007
0.019490000000000007
0.024370000000000003
0.024370000000000003
0.029259999999999953
0.029259999999999953
0.03413999999999995
0.029259999999999953
0.024370000000000003
0.024370000000000003
0.029259999999999953
0.024370000000000003
0.024370000000000003
0.024370000000000003
0.024370000000000003
0.019490000000000007
0.019490000000000007
0.019490000000000007
0.019490000000000007
0.024370000000000003
0.024370000000000003
0.024370000000000003
0.029259999999999953
0.024370000000000003
0.029259999999999953
0.024370000000000003
0.024370000000000003
0.019490000000000007
0.019490000000000007
0.0146099999999999
0.0146099999999999
0.009719999999999951
0.019490000000000007
0.0146099999999999
0.0146099999999999
0.0146099999999999
0.019490000000000007
0.024370000000000003
0.024370000000000003
0.024370000000000003
0.029259999999999953
0.024370000000000003
0.024370000000000003
0.019490000000000007
0.019490000000000007
0.019490000000000007
0.0146099999999999
0.009719999999999951
0.0146099999999999
0.0146099999999999
0.019490000000000007
0.019490000000000007
0.024370000000000003
0.024370000000000003
0.024370000000000003
0.024370000000000003
0.029259999999999953
0.024370000000000003
0.0146099999999999
0.024370000000000003
0.019490000000000007
0.019490000000000007
0.019490000000000007
0.019490000000000007
0.0146099999999999
0.009719999999999951
0.0146099999999999
0.0146099999999999
0.019490000000000007
0.019490000000000007
0.0146099999999999
0.019490000000000007
0.024370000000000003
0.0146099999999999
0.024370000000000003
0.019490000000000007
0.019490000000000007
0.019490000000000007
0.019490000000000007
0.009719999999999951
0.009719999999999951
0.009719999999999951
0.0146099999999999
0.0146099999999999
0.0146099999999999
0.0146099999999999
0.019490000000000007
0.019490000000000007
0.024370000000000003
0.024370000000000003
0.024370000000000003
0.024370000000000003
0.019490000000000007
0.019490000000000007
0.0146099999999999
0.0146099999999999
0.009719999999999951
0.009719999999999951
0.0146099999999999
0.009719999999999951
0.0146099999999999
0.0146099999999999
0.019490000000000007
0.019490000000000007
0.019490000000000007
0.019490000000000007
0.024370000000000003
0.0146099999999999
0.0146099999999999
0.019490000000000007
0.019490000000000007
0.0146099999999999
0.0146099999999999
0.0146099999999999
0.019490000000000007
0.009719999999999951
0.009719999999999951
0.009719999999999951
0.0146099999999999
0.019490000000000007
0.0146099999999999
0.0146099999999999
0.019490000000000007
0.019490000000000007
0.019490000000000007
0.024370000000000003
0.024370000000000003
0.019490000000000007
0.019490000000000007
0.0146099999999999
0.0146099999999999
0.0047999999999999154
0.0146099999999999
0.0146099999999999
0.009719999999999951
0.0146099999999999
0.019490000000000007
0.019490000000000007
0.019490000000000007
0.019490000000000007
0.019490000000000007
0.019490000000000007
0.0146099999999999
0.009719999999999951
0.009719999999999951
0.0146099999999999
0.009719999999999951
0.0047999999999999154
0.009719999999999951
0.0047999999999999154
0.009719999999999951
0.0146099999999999
0.0146099999999999
0.0146099999999999
0.019490000000000007
0.0146099999999999
0.019490000000000007
0.0146099999999999
0.019490000000000007
0.0146099999999999
0.0146099999999999
0.0146099999999999
0.0146099999999999
0.0146099999999999
0.0146099999999999
0.009719999999999951
0.0146099999999999
0.009719999999999951
0.0146099999999999
0.0146099999999999
0.0146099999999999
0.019490000000000007
0.024370000000000003
0.019490000000000007
0.019490000000000007
0.019490000000000007
0.0146099999999999
0.0146099999999999
0.0146099999999999
0.0146099999999999
0.0047999999999999154
0.0047999999999999154
0.0146099999999999
0.009719999999999951
0.009719999999999951
0.0047999999999999154
0.0146099999999999
0.009719999999999951
0.019490000000000007
0.0146099999999999
0.019490000000000007
0.0146099999999999
0.0146099999999999
0.0146099999999999
0.009719999999999951
0.009719999999999951
0.009719999999999951
0.0047999999999999154
0.009719999999999951
0.0047999999999999154
0.009719999999999951
0.009719999999999951
0.0146099999999999
0.0146099999999999
0.0146099999999999
0.019490000000000007
0.019490000000000007
0.0146099999999999
0.0146099999999999
0.0146099999999999
0.0146099999999999
0.0146099999999999
0.0146099999999999
0.009719999999999951
0.024370000000000003
0.024370000000000003
0.019490000000000007
0.024370000000000003
0.0146099999999999
0.024370000000000003
0.019490000000000007
0.029259999999999953
0.06345
0.14159
1.59702
2.1001
2.2611999999999997
2.2954
2.2954
2.2759
2.2564
2.2319
2.2222
2.2026
2.1879999999999997
2.1635999999999997
2.1538
2.1391
2.1294
2.1196
2.1147
2.105
2.0903
2.0903
2.0854
2.0805
2.0708
2.0708
2.0708
2.0659
2.0659
2.0659
2.0708
2.0659
2.0659
2.0659
2.0708
2.061
2.061
2.0561
2.0561
2.0511999999999997
2.0464
2.0415
2.0464
2.0317
2.0267999999999997
2.0267999999999997
2.0366
2.0267999999999997
2.0219
2.0219
2.0219
2.0122
2.0122
2.00239
2.00239
1.99751
1.98286
1.97797
1.97309
1.96332
1.96332
1.96332
1.96332
1.95355
1.94867
1.94379
1.9388999999999998
1.9291299999999998
1.9340199999999999
1.9242499999999998
1.91448
1.9096
1.9096
1.89495
1.89006
1.88029
1.88029
1.87053
1.86076
1.85587
1.85587
1.85099
1.85099
1.84611
1.8412199999999999
1.8314499999999998
1.8265699999999998
1.8216899999999998
1.81192
1.80703
1.79727
1.7875
1.78261
1.77285
1.76308
1.76308
1.76308
1.75331
1.74843
1.7435399999999999
1.7386599999999999
1.7240099999999998
1.7240099999999998
1.71424
1.70447
1.69959
1.68982
1.68005
1.67028
1.66051
1.66051
1.65563
1.6458599999999999
1.6360899999999998
1.6312099999999998
1.6263299999999998
1.62144
1.60679
1.60679
1.59702
1.58725
1.5726
1.56772
1.55795
1.54818
1.5335299999999998
1.5286499999999998
1.5188799999999998
1.50911
1.50423
1.47981
1.48469
1.47981
1.47004
1.46515
1.4505
1.4358499999999998
1.4309699999999999
1.4212
1.40166
1.39189
1.37724
1.36747
1.35282
1.3430499999999999
1.3332899999999999
1.32352
1.31375
1.2991
1.28933
1.27468
1.26003
1.25026
1.2356099999999999
1.22095
1.20142
1.1916499999999999
1.17211
1.15258
1.13304
1.12816
1.10862
1.0939699999999999
1.079318
1.064666
1.050014
1.035362
1.015826
1.001174
0.9816379999999999
0.9621019999999999
0.9425659999999999
0.9230299999999999
0.8986099999999999
0.87907
0.8546499999999999
0.83512
0.81558
0.7960499999999999
0.7765099999999999
0.7520899999999999
0.73255
0.71302
0.6934799999999999
0.6739499999999999
0.6446399999999999
0.61534
0.5909199999999999
0.5665
0.53719
0.50789
0.47858999999999996
0.45416999999999996
0.4248599999999999
0.4004399999999999
0.3760199999999999
0.3515999999999999
0.3271799999999999
0.3027599999999999
0.2783399999999999
0.25881
0.22949999999999993
0.21484999999999999
0.19043
0.17089
0.15623999999999993
0.13671
0.12204999999999999
0.10739999999999994
0.09763
0.08787
0.07809999999999995
0.06833
0.06345
0.058559999999999945
0.05367999999999995
0.04879
0.0390299999999999
0.043910000000000005
0.0390299999999999
0.029259999999999953
0.029259999999999953
0.029259999999999953
0.024370000000000003
0.019490000000000007
0.0146099999999999
0.019490000000000007
0.009719999999999951
0.0146099999999999
0.019490000000000007
0.019490000000000007
0.019490000000000007
0.024370000000000003
0.024370000000000003
0.03413999999999995
0.024370000000000003
0.024370000000000003
0.024370000000000003
0.024370000000000003
0.024370000000000003
0.019490000000000007
0.019490000000000007
0.019490000000000007
0.019490000000000007
0.019490000000000007
0.024370000000000003
0.024370000000000003
0.024370000000000003
0.029259999999999953
0.029259999999999953
0.029259999999999953
0.024370000000000003
0.024370000000000003
0.024370000000000003
0.024370000000000003
0.019490000000000007
0.024370000000000003
0.019490000000000007
0.019490000000000007
0.0146099999999999
0.019490000000000007
0.019490000000000007
0.019490000000000007
0.019490000000000007
0.019490000000000007
0.024370000000000003
0.024370000000000003
0.024370000000000003
0.029259999999999953
0.029259999999999953
0.024370000000000003
0.024370000000000003
0.024370000000000003
0.019490000000000007
0.019490000000000007
0.019490000000000007
0.019490000000000007
0.0146099999999999
0.019490000000000007
0.019490000000000007
0.029259999999999953
0.024370000000000003
0.029259999999999953
0.029259999999999953
0.03413999999999995
0.024370000000000003
0.024370000000000003
0.024370000000000003
0.024370000000000003
0.024370000000000003
0.019490000000000007
0.019490000000000007
0.019490000000000007
0.0146099999999999
0.019490000000000007
0.019490000000000007
0.019490000000000007
0.019490000000000007
0.019490000000000007
0.024370000000000003
0.029259999999999953
0.019490000000000007
0.024370000000000003
0.024370000000000003
0.024370000000000003
0.019490000000000007
0.019490000000000007
0.019490000000000007
0.019490000000000007
0.0146099999999999
0.019490000000000007
0.019490000000000007
0.0146099999999999
0.019490000000000007
0.024370000000000003
0.024370000000000003
0.024370000000000003
0.024370000000000003
0.029259999999999953
0.024370000000000003
0.024370000000000003
0.024370000000000003
0.019490000000000007
0.019490000000000007
0.0146099999999999
0.0146099999999999
0.0146099999999999
0.009719999999999951
0.0146099999999999
0.019490000000000007
0.019490000000000007
0.019490000000000007
0.024370000000000003
0.024370000000000003
0.024370000000000003
0.024370000000000003
0.0146099999999999
0.0146099999999999
0.0146099999999999
0.0146099999999999
0.0146099999999999
0.009719999999999951
0.0146099999999999
0.0146099999999999
0.0146099999999999
0.0146099999999999
0.0146099999999999
0.019490000000000007
0.019490000000000007
0.024370000000000003
0.024370000000000003
0.024370000000000003
0.019490000000000007
0.024370000000000003
0.019490000000000007
0.0146099999999999
0.0146099999999999
0.019490000000000007
0.0146099999999999
0.009719999999999951
0.0146099999999999
0.0146099999999999
0.0146099999999999
0.0146099999999999
0.019490000000000007
0.0146099999999999
0.019490000000000007
0.019490000000000007
0.019490000000000007
0.019490000000000007
0.0146099999999999
0.009719999999999951
0.0146099999999999
0.0146099999999999
0.009719999999999951
0.009719999999999951
0.009719999999999951
0.0047999999999999154
0.009719999999999951
0.009719999999999951
0.009719999999999951
0.019490000000000007
0.019490000000000007
0.019490000000000007
0.024370000000000003
0.0146099999999999
0.0146099999999999
0.019490000000000007
0.0146099999999999
0.0146099999999999
0.009719999999999951
0.009719999999999951
0.0146099999999999
0.009719999999999951
0.009719999999999951
0.0146099999999999
0.0146099999999999
0.019490000000000007
0.019490000000000007
0.019490000000000007
0.024370000000000003
0.0146099999999999
0.019490000000000007
0.019490000000000007
0.0146099999999999
0.0146099999999999
0.0146099999999999
0.0146099999999999
0.009719999999999951
0.0047999999999999154
0.009719999999999951
0.0146099999999999
0.009719999999999951
0.009719999999999951
0.009719999999999951
0.0146099999999999
0.0146099999999999
0.0146099999999999
0.019490000000000007
0.019490000000000007
0.019490000000000007
0.0146099999999999
0.0146099999999999
0.009719999999999951
0.009719999999999951
0.0047999999999999154
0.009719999999999951
0.0047999999999999154
0.009719999999999951
0.009719999999999951
0.0146099999999999
0.0146099999999999
0.019490000000000007
0.019490000000000007
0.024370000000000003
0.0146099999999999
0.009719999999999951
0.0146099999999999
0.0146099999999999
0.009719999999999951
0.009719999999999951
0.009719999999999951
0.009719999999999951
0.009719999999999951
0.009719999999999951
0.0146099999999999
0.0146099999999999
0.0146099999999999
0.019490000000000007
0.0146099999999999
0.0146099999999999
0.0146099999999999
0.019490000000000007
0.0146099999999999
0.0146099999999999
0.009719999999999951
0.0146099999999999
0.0146099999999999
0.009719999999999951
0.0047999999999999154
0.009719999999999951
0.009719999999999951
0.009719999999999951
0.009719999999999951
0.0146099999999999
0.0146099999999999
0.019490000000000007
0.0146099999999999
0.019490000000000007
0.019490000000000007
0.0146099999999999
0.009719999999999951
0.009719999999999951
0.009719999999999951
0.009719999999999951
0.0047999999999999154
0.009719999999999951
0.0047999999999999154
0.009719999999999951
0.009719999999999951
0.009719999999999951
0.0146099999999999
0.0146099999999999
0.0146099999999999
0.019490000000000007
0.0146099999999999
0.009719999999999951
0.0146099999999999
0.0146099999999999
0.0146099999999999
0.009719999999999951
0.0047999999999999154
0.024370000000000003
0.024370000000000003
0.019490000000000007
0.019490000000000007
0.019490000000000007
0.029259999999999953
0.0146099999999999
0.024370000000000003
0.06833
0.14647
1.59702
2.105
2.2564
2.2954
2.2954
2.2808
2.2611999999999997
2.2367999999999997
2.2173
2.1978
2.1831
2.1733000000000002
2.1538
2.144
2.1342999999999996
2.1196
2.1147
2.105
2.0952
2.0854
2.0854
2.0805
2.0805
2.0708
2.0708
2.0659
2.0659
2.0659
2.0708
2.0708
2.0659
2.0708
2.0757
2.0659
2.061
2.061
2.0561
2.0561
2.0511999999999997
2.0415
2.0464
2.0366
2.0366
2.0317
2.0317
2.0317
2.0267999999999997
2.0219
2.0219
2.0122
2.017
2.0072799999999997
2.00239
1.99751
1.99263
1.98286
1.97309
1.96332
1.96821
1.96332
1.95844
1.95844
1.95355
1.94867
1.94379
1.9388999999999998
1.9340199999999999
1.9291299999999998
1.9193699999999998
1.91448
1.9096
1.90471
1.89006
1.88518
1.88518
1.87541
1.87053
1.86564
1.86076
1.85587
1.85587
1.84611
1.84611
1.8314499999999998
1.8216899999999998
1.8216899999999998
1.8168
1.80703
1.79727
1.7875
1.79238
1.77773
1.76796
1.76308
1.76308
1.75331
1.75331
1.7435399999999999
1.7386599999999999
1.7337699999999998
1.7288899999999998
1.71912
1.70935
1.69959
1.68982
1.68493
1.67028
1.6654
1.6654
1.66051
1.6458599999999999
1.6409799999999999
1.6360899999999998
1.6312099999999998
1.6263299999999998
1.61167
1.60679
1.59702
1.59214
1.5726
1.5726
1.56283
1.54818
1.5384099999999998
1.5335299999999998
1.5188799999999998
1.51399
1.50911
1.49934
1.48957
1.47981
1.47004
1.46515
1.4505
1.4358499999999998
1.4309699999999999
1.4212
1.40655
1.39189
1.37724
1.36747
1.34794
1.3430499999999999
1.3381699999999999
1.32352
1.31375
1.30398
1.28933
1.2844499999999999
1.26491
1.25026
1.2356099999999999
1.22095
1.20142
1.1867699999999999
1.17211
1.15746
1.1379299999999999
1.12816
1.11351
1.0939699999999999
1.079318
1.064666
1.04513
1.035362
1.015826
1.001174
0.9767539999999999
0.9572179999999999
0.9376819999999999
0.9181459999999999
0.8986099999999999
0.87907
0.8546499999999999
0.83512
0.81558
0.79116
0.7716299999999999
0.7520899999999999
0.73255
0.71302
0.6934799999999999
0.6739499999999999
0.6397599999999999
0.61534
0.5909199999999999
0.5616099999999999
0.53719
0.50789
0.47858999999999996
0.45416999999999996
0.4199799999999999
0.4004399999999999
0.3760199999999999
0.3515999999999999
0.3222999999999999
0.3027599999999999
0.2783399999999999
0.25881
0.22949999999999993
0.20997
0.19043
0.17089
0.15135999999999994
0.14159
0.11717
0.10251999999999994
0.09275
0.08297999999999994
0.07809999999999995
0.06345
0.058559999999999945
0.05367999999999995
0.05367999999999995
0.04879
0.04879
0.04879
0.0390299999999999
0.03413999999999995
0.029259999999999953
0.03413999999999995
0.024370000000000003
0.019490000000000007
0.0146099999999999
0.024370000000000003
0.019490000000000007
0.019490000000000007
0.019490000000000007
0.024370000000000003
0.024370000000000003
0.024370000000000003
0.029259999999999953
0.029259999999999953
0.024370000000000003
0.024370000000000003
0.024370000000000003
0.024370000000000003
0.019490000000000007
0.019490000000000007
0.0146099999999999
0.019490000000000007
0.0146099999999999
0.019490000000000007
0.019490000000000007
0.024370000000000003
0.024370000000000003
0.024370000000000003
0.024370000000000003
0.029259999999999953
0.024370000000000003
0.024370000000000003
0.024370000000000003
0.024370000000000003
0.024370000000000003
0.019490000000000007
0.019490000000000007
0.0146099999999999
0.009719999999999951
0.019490000000000007
0.019490000000000007
0.019490000000000007
0.024370000000000003
0.024370000000000003
0.024370000000000003
0.029259999999999953
0.024370000000000003
0.029259999999999953
0.029259999999999953
0.024370000000000003
0.019490000000000007
0.024370000000000003
0.024370000000000003
0.019490000000000007
0.019490000000000007
0.019490000000000007
0.0146099999999999
0.019490000000000007
0.019490000000000007
0.024370000000000003
0.024370000000000003
0.024370000000000003
0.024370000000000003
0.029259999999999953
0.024370000000000003
0.024370000000000003
0.024370000000000003
0.019490000000000007
0.024370000000000003
0.019490000000000007
0.0146099999999999
0.019490000000000007
0.0146099999999999
0.019490000000000007
0.019490000000000007
0.019490000000000007
0.024370000000000003
0.024370000000000003
0.024370000000000003
0.029259999999999953
0.019490000000000007
0.024370000000000003
0.024370000000000003
0.019490000000000007
0.019490000000000007
0.019490000000000007
0.019490000000000007
0.0146099999999999
0.0146099999999999
0.019490000000000007
0.019490000000000007
0.019490000000000007
0.0146099999999999
0.019490000000000007
0.024370000000000003
0.024370000000000003
0.024370000000000003
0.029259999999999953
0.024370000000000003
0.024370000000000003
0.019490000000000007
0.019490000000000007
0.019490000000000007
0.0146099999999999
0.009719999999999951
0.0146099999999999
0.0146099999999999
0.0146099999999999
0.019490000000000007
0.019490000000000007
0.019490000000000007
0.024370000000000003
0.024370000000000003
0.024370000000000003
0.024370000000000003
0.019490000000000007
0.019490000000000007
0.0146099999999999
0.019490000000000007
0.0146099999999999
0.0146099999999999
0.019490000000000007
0.009719999999999951
0.0146099999999999
0.0146099999999999
0.019490000000000007
0.019490000000000007
0.019490000000000007
0.019490000000000007
0.024370000000000003
0.019490000000000007
0.019490000000000007
0.019490000000000007
0.019490000000000007
0.019490000000000007
0.019490000000000007
0.0146099999999999
0.0146099999999999
0.009719999999999951
0.0146099999999999
0.0146099999999999
0.009719999999999951
0.0146099999999999
0.019490000000000007
0.024370000000000003
0.024370000000000003
0.019490000000000007
0.024370000000000003
0.019490000000000007
0.019490000000000007
0.0146099999999999
0.019490000000000007
0.0146099999999999
0.009719999999999951
0.0047999999999999154
0.0146099999999999
0.009719999999999951
0.0146099999999999
0.0146099999999999
0.019490000000000007
0.019490000000000007
0.019490000000000007
0.024370000000000003
0.024370000000000003
0.0146099999999999
0.0146099999999999
0.0146099999999999
0.0146099999999999
0.019490000000000007
0.0146099999999999
0.009719999999999951
0.0146099999999999
0.009719999999999951
0.009719999999999951
0.0146099999999999
0.019490000000000007
0.0146099999999999
0.019490000000000007
0.0146099999999999
0.019490000000000007
0.019490000000000007
0.019490000000000007
0.019490000000000007
0.019490000000000007
0.019490000000000007
0.0146099999999999
0.0146099999999999
0.0146099999999999
0.0047999999999999154
0.009719999999999951
0.009719999999999951
0.009719999999999951
0.0146099999999999
0.0146099999999999
0.019490000000000007
0.019490000000000007
0.019490000000000007
0.024370000000000003
0.019490000000000007
0.0146099999999999
0.0146099999999999
0.0146099999999999
0.009719999999999951
0.009719999999999951
0.009719999999999951
0.009719999999999951
0.009719999999999951
0.0146099999999999
0.0146099999999999
0.0146099999999999
0.0146099999999999
0.0146099999999999
0.019490000000000007
0.024370000000000003
0.0146099999999999
0.0146099999999999
0.0146099999999999
0.0146099999999999
0.0146099999999999
0.0146099999999999
0.009719999999999951
0.0146099999999999
0.009719999999999951
0.009719999999999951
0.009719999999999951
0.0146099999999999
0.0146099999999999
0.0146099999999999
0.009719999999999951
0.024370000000000003
0.0146099999999999
0.019490000000000007
0.019490000000000007
0.019490000000000007
0.0146099999999999
0.0146099999999999
0.0047999999999999154
0.009719999999999951
0.0047999999999999154
0.0047999999999999154
0.009719999999999951
0.009719999999999951
0.009719999999999951
0.0146099999999999
0.019490000000000007
0.019490000000000007
0.019490000000000007
0.019490000000000007
0.0146099999999999
0.0146099999999999
0.009719999999999951
0.009719999999999951
0.009719999999999951
0.009719999999999951
0.009719999999999951
0.009719999999999951
0.009719999999999951
0.009719999999999951
0.009719999999999951
0.0146099999999999
0.0146099999999999
0.0146099999999999
0.0146099999999999
0.019490000000000007
0.0146099999999999
0.009719999999999951
0.0146099999999999
0.0146099999999999
0.0146099999999999
0.0146099999999999
0.0047999999999999154
0.024370000000000003
0.024370000000000003
0.019490000000000007
0.019490000000000007
0.019490000000000007
0.024370000000000003
0.0146099999999999
0.024370000000000003
0.06833
0.14647
1.57749
2.1001
2.2611999999999997
2.2954
2.2954
2.2808
2.2661
2.2417
2.2271
2.2026
2.1879999999999997
2.1685
2.1489000000000003
2.1489000000000003
2.1342999999999996
2.1196
2.1147
2.105
2.1001
2.0903
2.0854
2.0805
2.0757
2.0708
2.0708
2.0659
2.0659
2.0708
2.0757
2.0708
2.0708
2.0708
2.0659
2.0659
2.0561
2.0561
2.0561
2.0561
2.0511999999999997
2.0415
2.0415
2.0317
2.0317
2.0317
2.0317
2.0267999999999997
2.0267999999999997
2.0219
2.017
2.0072799999999997
2.017
2.0072799999999997
1.99751
1.99263
1.98774
1.97797
1.97797
1.96821
1.96821
1.95844
1.95355
1.95355
1.94867
1.94379
1.94379
1.9340199999999999
1.9340199999999999
1.9291299999999998
1.9193699999999998
1.9096
1.89983
1.89495
1.89006
1.88029
1.88029
1.87053
1.87053
1.86076
1.86076
1.85587
1.84611
1.8412199999999999
1.8412199999999999
1.8314499999999998
1.8265699999999998
1.8168
1.8168
1.81192
1.79727
1.78261
1.78261
1.77285
1.76308
1.76308
1.75819
1.75331
1.7435399999999999
1.7386599999999999
1.7386599999999999
1.7288899999999998
1.7240099999999998
1.71424
1.70447
1.69959
1.68493
1.67517
1.67028
1.66051
1.65563
1.65075
1.6458599999999999
1.6360899999999998
1.6312099999999998
1.6263299999999998
1.62144
1.61167
1.60191
1.59214
1.58237
1.5726
1.56283
1.55795
1.5433
1.5335299999999998
1.5286499999999998
1.51399
1.50911
1.49934
1.48957
1.48469
1.47492
1.46515
1.46515
1.4505
1.4309699999999999
1.42608
1.41631
1.40655
1.38701
1.37236
1.36747
1.34794
1.3430499999999999
1.3332899999999999
1.32352
1.31375
1.2991
1.28933
1.27468
1.25514
1.2453699999999999
1.23072
1.21607
1.20142
1.18188
1.16723
1.15258
1.13304
1.11839
1.10862
1.089086
1.074434
1.059782
1.04513
1.035362
1.010942
0.9962899999999999
0.9767539999999999
0.9572179999999999
0.9376819999999999
0.9181459999999999
0.8986099999999999
0.8741899999999999
0.8546499999999999
0.83512
0.8107
0.79116
0.7716299999999999
0.7472099999999999
0.73255
0.71302
0.6885999999999999
0.66906
0.6397599999999999
0.6104499999999999
0.5860299999999999
0.5616099999999999
0.53231
0.50301
0.4736999999999999
0.4492799999999999
0.4248599999999999
0.3955599999999999
0.3711399999999999
0.3467199999999999
0.3222999999999999
0.29299
0.2734599999999999
0.2539199999999999
0.22949999999999993
0.21484999999999999
0.19043
0.17089
0.14647
0.13181999999999994
0.11229
0.10251999999999994
0.09275
0.07809999999999995
0.07321
0.06345
0.058559999999999945
0.058559999999999945
0.05367999999999995
0.05367999999999995
0.043910000000000005
0.043910000000000005
0.0390299999999999
0.03413999999999995
0.029259999999999953
0.029259999999999953
0.024370000000000003
0.024370000000000003
0.019490000000000007
0.024370000000000003
0.019490000000000007
0.019490000000000007
0.019490000000000007
0.019490000000000007
0.024370000000000003
0.024370000000000003
0.024370000000000003
0.024370000000000003
0.019490000000000007
0.019490000000000007
0.024370000000000003
0.024370000000000003
0.024370000000000003
0.024370000000000003
0.0146099999999999
0.019490000000000007
0.0146099999999999
0.019490000000000007
0.019490000000000007
0.024370000000000003
0.024370000000000003
0.024370000000000003
0.024370000000000003
0.029259999999999953
0.019490000000000007
0.024370000000000003
0.029259999999999953
0.024370000000000003
0.024370000000000003
0.024370000000000003
0.0146099999999999
0.019490000000000007
0.019490000000000007
0.019490000000000007
0.019490000000000007
0.019490000000000007
0.024370000000000003
0.024370000000000003
0.024370000000000003
0.029259999999999953
0.024370000000000003
0.029259999999999953
0.024370000000000003
0.024370000000000003
0.024370000000000003
0.024370000000000003
0.024370000000000003
0.024370000000000003
0.019490000000000007
0.024370000000000003
0.019490000000000007
0.019490000000000007
0.019490000000000007
0.024370000000000003
0.024370000000000003
0.024370000000000003
0.024370000000000003
0.029259999999999953
0.024370000000000003
0.024370000000000003
0.024370000000000003
0.029259999999999953
0.029259999999999953
0.019490000000000007
0.0146099999999999
0.019490000000000007
0.0146099999999999
0.019490000000000007
0.019490000000000007
0.019490000000000007
0.024370000000000003
0.024370000000000003
0.024370000000000003
0.029259999999999953
0.024370000000000003
0.029259999999999953
0.024370000000000003
0.019490000000000007
0.019490000000000007
0.024370000000000003
0.0146099999999999
0.019490000000000007
0.0146099999999999
0.019490000000000007
0.019490000000000007
0.019490000000000007
0.019490000000000007
0.024370000000000003
0.024370000000000003
0.024370000000000003
0.024370000000000003
0.024370000000000003
0.024370000000000003
0.019490000000000007
0.019490000000000007
0.019490000000000007
0.0146099999999999
0.0146099999999999
0.0146099999999999
0.0146099999999999
0.0146099999999999
0.0146099999999999
0.0146099999999999
0.0146099999999999
0.019490000000000007
0.019490000000000007
0.024370000000000003
0.019490000000000007
0.019490000000000007
0.019490000000000007
0.024370000000000003
0.019490000000000007
0.019490000000000007
0.0146099999999999
0.009719999999999951
0.009719999999999951
0.009719999999999951
0.009719999999999951
0.0146099999999999
0.019490000000000007
0.0146099999999999
0.019490000000000007
0.019490000000000007
0.019490000000000007
0.019490000000000007
0.024370000000000003
0.019490000000000007
0.019490000000000007
0.0146099999999999
0.019490000000000007
0.0047999999999999154
0.0146099999999999
0.009719999999999951
0.0146099999999999
0.0146099999999999
0.0146099999999999
0.0146099999999999
0.0146099999999999
0.019490000000000007
0.019490000000000007
0.0146099999999999
0.019490000000000007
0.0146099999999999
0.0146099999999999
0.009719999999999951
0.0146099999999999
0.0146099999999999
0.0146099999999999
0.009719999999999951
0.0146099999999999
0.0047999999999999154
0.009719999999999951
0.009719999999999951
0.0146099999999999
0.0146099999999999
0.019490000000000007
0.0146099999999999
0.019490000000000007
0.019490000000000007
0.0146099999999999
0.019490000000000007
0.019490000000000007
0.019490000000000007
0.009719999999999951
0.009719999999999951
0.009719999999999951
0.009719999999999951
0.0146099999999999
0.009719999999999951
0.009719999999999951
0.0146099999999999
0.0146099999999999
0.0146099999999999
0.019490000000000007
0.019490000000000007
0.019490000000000007
0.0146099999999999
0.0146099999999999
0.0146099999999999
0.0146099999999999
0.0047999999999999154
0.009719999999999951
0.0047999999999999154
0.0047999999999999154
0.009719999999999951
0.009719999999999951
0.009719999999999951
0.009719999999999951
0.0146099999999999
0.019490000000000007
0.0146099999999999
0.019490000000000007
0.0146099999999999
0.0146099999999999
0.009719999999999951
0.009719999999999951
0.009719999999999951
0.009719999999999951
0.0047999999999999154
0.009719999999999951
0.0047999999999999154
0.009719999999999951
0.009719999999999951
0.0146099999999999
0.0146099999999999
0.0146099999999999
0.019490000000000007
0.019490000000000007
0.0146099999999999
0.0146099999999999
0.0146099999999999
0.0146099999999999
0.0146099999999999
0.009719999999999951
0.0047999999999999154
0.009719999999999951
0.0047999999999999154
0.009719999999999951
0.009719999999999951
0.009719999999999951
0.0146099999999999
0.0146099999999999
0.009719999999999951
0.0146099999999999
0.0146099999999999
0.0146099999999999
0.0146099999999999
0.009719999999999951
0.0146099999999999
0.009719999999999951
0.0047999999999999154
0.0047999999999999154
0.0
0.009719999999999951
0.009719999999999951
0.0047999999999999154
0.009719999999999951
0.009719999999999951
0.0146099999999999
0.0146099999999999
0.0146099999999999
0.0146099999999999
0.0146099999999999
0.0146099999999999
0.009719999999999951
0.0146099999999999
0.0146099999999999
0.0146099999999999
0.0047999999999999154
0.009719999999999951
0.009719999999999951
0.0047999999999999154
0.009719999999999951
0.009719999999999951
0.0146099999999999
0.009719999999999951
0.0146099999999999
0.019490000000000007
0.019490000000000007
0.0146099999999999
0.0146099999999999
0.0146099999999999
0.0146099999999999
0.009719999999999951
0.0047999999999999154
0.019490000000000007
0.019490000000000007
0.0146099999999999
0.0146099999999999
0.019490000000000007
0.024370000000000003
0.0146099999999999
0.024370000000000003
0.06833
0.14647
1.55795
2.0952
2.2564
2.2954
2.2954
2.271
2.2611999999999997
2.2367999999999997
2.2173
2.2026
2.1831
2.1635999999999997
2.1489000000000003
2.144
2.1342999999999996
2.1245000000000003
2.1098
2.1098
2.0952
2.0854
2.0854
2.0757
2.0757
2.0708
2.0757
2.0659
2.061
2.0659
2.0659
2.0708
2.0659
2.0659
2.0659
2.0659
2.061
2.0561
2.0561
2.0511999999999997
2.0464
2.0415
2.0415
2.0317
2.0366
2.0317
2.0317
2.0267999999999997
2.0267999999999997
2.0219
2.0219
2.0122
2.0122
2.0072799999999997
2.00239
1.99263
1.98286
1.97797
1.97309
1.96821
1.96332
1.96332
1.95844
1.95355
1.94867
1.95355
1.94379
1.9340199999999999
1.9291299999999998
1.9242499999999998
1.91448
1.90471
1.89983
1.89983
1.89495
1.88029
1.88029
1.87053
1.87053
1.86564
1.86076
1.85587
1.85099
1.84611
1.84611
1.8363399999999999
1.8216899999999998
1.8216899999999998
1.81192
1.80703
1.79727
1.78261
1.78261
1.77285
1.76796
1.76308
1.75819
1.75331
1.7435399999999999
1.7386599999999999
1.7386599999999999
1.7288899999999998
1.7240099999999998
1.71424
1.70447
1.6947
1.68982
1.68005
1.67028
1.66051
1.65563
1.65563
1.6458599999999999
1.6360899999999998
1.6312099999999998
1.6312099999999998
1.62144
1.61167
1.60679
1.59214
1.58237
1.58237
1.5726
1.56283
1.54818
1.5384099999999998
1.5286499999999998
1.51399
1.50423
1.50911
1.49446
1.48957
1.47492
1.47004
1.46515
1.4505
1.4358499999999998
1.42608
1.41631
1.40655
1.39189
1.37236
1.36747
1.35282
1.3430499999999999
1.3332899999999999
1.32352
1.30887
1.2991
1.28933
1.27956
1.26003
1.2453699999999999
1.2356099999999999
1.21607
1.20142
1.1867699999999999
1.16723
1.15746
1.1379299999999999
1.12327
1.10862
1.0939699999999999
1.079318
1.059782
1.050014
1.035362
1.015826
0.9962899999999999
0.9816379999999999
0.9572179999999999
0.9376819999999999
0.9181459999999999
0.8986099999999999
0.87907
0.8546499999999999
0.84
0.81558
0.79116
0.7716299999999999
0.7472099999999999
0.7276699999999999
0.7081299999999999
0.6837099999999999
0.66418
0.6397599999999999
0.6104499999999999
0.5909199999999999
0.55673
0.53719
0.50301
0.4736999999999999
0.4492799999999999
0.4199799999999999
0.3955599999999999
0.3711399999999999
0.3467199999999999
0.31740999999999997
0.2978799999999999
0.2734599999999999
0.2539199999999999
0.22949999999999993
0.20019999999999993
0.18555
0.17089
0.15135999999999994
0.13181999999999994
0.11229
0.10251999999999994
0.08787
0.08297999999999994
0.07809999999999995
0.06345
0.058559999999999945
0.04879
0.04879
0.04879
0.0390299999999999
0.043910000000000005
0.03413999999999995
0.03413999999999995
0.029259999999999953
0.029259999999999953
0.024370000000000003
0.019490000000000007
0.0146099999999999
0.0146099999999999
0.0146099999999999
0.0146099999999999
0.019490000000000007
0.019490000000000007
0.024370000000000003
0.029259999999999953
0.024370000000000003
0.024370000000000003
0.024370000000000003
0.019490000000000007
0.024370000000000003
0.019490000000000007
0.024370000000000003
0.0146099999999999
0.0146099999999999
0.019490000000000007
0.0146099999999999
0.0146099999999999
0.019490000000000007
0.024370000000000003
0.019490000000000007
0.024370000000000003
0.019490000000000007
0.024370000000000003
0.019490000000000007
0.024370000000000003
0.024370000000000003
0.019490000000000007
0.024370000000000003
0.024370000000000003
0.019490000000000007
0.019490000000000007
0.0146099999999999
0.0146099999999999
0.019490000000000007
0.0146099999999999
0.0146099999999999
0.019490000000000007
0.024370000000000003
0.029259999999999953
0.024370000000000003
0.029259999999999953
0.024370000000000003
0.019490000000000007
0.019490000000000007
0.024370000000000003
0.019490000000000007
0.019490000000000007
0.0146099999999999
0.019490000000000007
0.0146099999999999
0.0146099999999999
0.019490000000000007
0.019490000000000007
0.024370000000000003
0.024370000000000003
0.024370000000000003
0.024370000000000003
0.024370000000000003
0.019490000000000007
0.019490000000000007
0.019490000000000007
0.019490000000000007
0.0146099999999999
0.0146099999999999
0.019490000000000007
0.0146099999999999
0.0146099999999999
0.019490000000000007
0.019490000000000007
0.019490000000000007
0.024370000000000003
0.019490000000000007
0.024370000000000003
0.019490000000000007
0.024370000000000003
0.024370000000000003
0.019490000000000007
0.019490000000000007
0.019490000000000007
0.0146099999999999
0.019490000000000007
0.0146099999999999
0.0146099999999999
0.0146099999999999
0.0146099999999999
0.019490000000000007
0.0146099999999999
0.019490000000000007
0.024370000000000003
0.024370000000000003
0.024370000000000003
0.019490000000000007
0.0146099999999999
0.019490000000000007
0.019490000000000007
0.0146099999999999
0.0146099999999999
0.009719999999999951
0.0146099999999999
0.009719999999999951
0.009719999999999951
0.019490000000000007
0.0146099999999999
0.0146099999999999
0.019490000000000007
0.019490000000000007
0.019490000000000007
0.019490000000000007
0.0146099999999999
0.019490000000000007
0.0146099999999999
0.0146099999999999
0.0146099999999999
0.009719999999999951
0.009719999999999951
0.009719999999999951
0.009719999999999951
0.0146099999999999
0.019490000000000007
0.019490000000000007
0.019490000000000007
0.0146099999999999
0.024370000000000003
0.019490000000000007
0.019490000000000007
0.019490000000000007
0.0146099999999999
0.0146099999999999
0.0146099999999999
0.0146099999999999
0.009719999999999951
0.009719999999999951
0.009719999999999951
0.0146099999999999
0.009719999999999951
0.009719999999999951
0.0146099999999999
0.019490000000000007
0.024370000000000003
0.019490000000000007
0.019490000000000007
0.0146099999999999
0.019490000000000007
0.0146099999999999
0.0146099999999999
0.0146099999999999
0.009719999999999951
0.0047999999999999154
0.009719999999999951
0.009719999999999951
0.009719999999999951
0.0146099999999999
0.009719999999999951
0.019490000000000007
0.019490000000000007
0.0146099999999999
0.024370000000000003
0.019490000000000007
0.0146099999999999
0.0146099999999999
0.009719999999999951
0.0146099999999999
0.0146099999999999
0.0047999999999999154
0.009719999999999951
0.009719999999999951
0.009719999999999951
0.0146099999999999
0.0146099999999999
0.0146099999999999
0.0146099999999999
0.0146099999999999
0.0146099999999999
0.0146099999999999
0.009719999999999951
0.019490000000000007
0.0146099999999999
0.0146099999999999
0.0146099999999999
0.009719999999999951
0.009719999999999951
0.0047999999999999154
0.0047999999999999154
0.009719999999999951
0.009719999999999951
0.0047999999999999154
0.009719999999999951
0.0146099999999999
0.024370000000000003
0.019490000000000007
0.019490000000000007
0.019490000000000007
0.019490000000000007
0.0146099999999999
0.0146099999999999
0.009719999999999951
0.009719999999999951
0.0047999999999999154
0.009719999999999951
0.009719999999999951
0.009719999999999951
0.009719999999999951
0.0146099999999999
0.0146099999999999
0.024370000000000003
0.0146099999999999
0.019490000000000007
0.0146099999999999
0.009719999999999951
0.0146099999999999
0.009719999999999951
0.0146099999999999
0.0047999999999999154
0.0047999999999999154
0.009719999999999951
0.0047999999999999154
0.009719999999999951
0.0047999999999999154
0.009719999999999951
0.009719999999999951
0.009719999999999951
0.009719999999999951
0.0146099999999999
0.0146099999999999
0.0146099999999999
0.0146099999999999
0.009719999999999951
0.0146099999999999
0.0146099999999999
0.009719999999999951
0.009719999999999951
0.0047999999999999154
0.0047999999999999154
0.009719999999999951
0.009719999999999951
0.009719999999999951
0.009719999999999951
0.0146099999999999
0.019490000000000007
0.0146099999999999
0.0146099999999999
0.0146099999999999
0.009719999999999951
0.009719999999999951
0.009719999999999951
0.009719999999999951
0.0047999999999999154
0.0
0.0047999999999999154
0.009719999999999951
0.009719999999999951
0.009719999999999951
0.009719999999999951
0.0146099999999999
0.0146099999999999
0.009719999999999951
0.0146099999999999
0.0146099999999999
0.009719999999999951
0.009719999999999951
0.009719999999999951
0.0146099999999999
0.0047999999999999154
0.0047999999999999154
0.019490000000000007
0.024370000000000003
0.0146099999999999
0.0146099999999999
0.019490000000000007
0.024370000000000003
0.0146099999999999
0.024370000000000003
0.06345
0.14647
1.5335299999999998
2.0952
2.2564
2.3003
2.2954
2.2759
2.2611999999999997
2.2417
2.2222
2.2075
2.1831
2.1635999999999997
2.1489000000000003
2.144
2.1342999999999996
2.1245000000000003
2.1098
2.105
2.1001
2.0903
2.0854
2.0805
2.0757
2.0708
2.0708
2.0659
2.0659
2.0708
2.0708
2.0708
2.0708
2.0659
2.0708
2.0659
2.061
2.0561
2.0511999999999997
2.0511999999999997
2.0464
2.0415
2.0366
2.0317
2.0317
2.0317
2.0317
2.0219
2.0219
2.017
2.017
2.017
2.0072799999999997
2.0072799999999997
1.99751
1.99263
1.98774
1.97309
1.97309
1.96821
1.96332
1.96332
1.95355
1.94867
1.94379
1.94379
1.94379
1.9340199999999999
1.9291299999999998
1.9242499999999998
1.9193699999999998
1.91448
1.90471
1.89983
1.89006
1.88029
1.88029
1.87053
1.86564
1.86076
1.86076
1.85587
1.85099
1.8412199999999999
1.8412199999999999
1.8314499999999998
1.8216899999999998
1.8168
1.80703
1.80703
1.7875
1.77773
1.77773
1.76796
1.76796
1.76308
1.75819
1.75331
1.74843
1.7435399999999999
1.7337699999999998
1.7240099999999998
1.71912
1.71424
1.70447
1.6947
1.68493
1.67517
1.67517
1.66051
1.65563
1.65075
1.6409799999999999
1.6360899999999998
1.6312099999999998
1.6263299999999998
1.62144
1.61167
1.60191
1.59702
1.58725
1.5726
1.56772
1.55795
1.5433
1.5335299999999998
1.5335299999999998
1.5188799999999998
1.50911
1.50423
1.49446
1.48469
1.47492
1.46515
1.46027
1.44562
1.4309699999999999
1.42608
1.41143
1.40166
1.39189
1.36747
1.36259
1.34794
1.3430499999999999
1.3284
1.31863
1.30887
1.29421
1.2844499999999999
1.27468
1.26003
1.2453699999999999
1.23072
1.21607
1.2063
1.18188
1.16235
1.15258
1.13304
1.11839
1.10862
1.0939699999999999
1.079318
1.064666
1.050014
1.035362
1.015826
0.9962899999999999
0.9767539999999999
0.9572179999999999
0.9327979999999999
0.9181459999999999
0.8986099999999999
0.8741899999999999
0.8497699999999999
0.83512
0.8107
0.79116
0.7716299999999999
0.7472099999999999
0.7276699999999999
0.71302
0.6837099999999999
0.66418
0.6397599999999999
0.6104499999999999
0.5909199999999999
0.55673
0.53231
0.50301
0.4688199999999999
0.4492799999999999
0.4199799999999999
0.3955599999999999
0.3711399999999999
0.3467199999999999
0.3222999999999999
0.2978799999999999
0.2734599999999999
0.25881
0.22949999999999993
0.20997
0.19043
0.16601
0.15135999999999994
0.13181999999999994
0.11229
0.10739999999999994
0.09275
0.08297999999999994
0.07809999999999995
0.06833
0.06345
0.058559999999999945
0.05367999999999995
0.05367999999999995
0.043910000000000005
0.0390299999999999
0.03413999999999995
0.029259999999999953
0.029259999999999953
0.029259999999999953
0.024370000000000003
0.019490000000000007
0.019490000000000007
0.019490000000000007
0.019490000000000007
0.019490000000000007
0.019490000000000007
0.019490000000000007
0.019490000000000007
0.024370000000000003
0.024370000000000003
0.024370000000000003
0.024370000000000003
0.024370000000000003
0.024370000000000003
0.024370000000000003
0.024370000000000003
0.019490000000000007
0.0146099999999999
0.019490000000000007
0.0146099999999999
0.0146099999999999
0.019490000000000007
0.019490000000000007
0.019490000000000007
0.024370000000000003
0.024370000000000003
0.029259999999999953
0.024370000000000003
0.024370000000000003
0.024370000000000003
0.024370000000000003
0.024370000000000003
0.024370000000000003
0.019490000000000007
0.019490000000000007
0.0146099999999999
0.019490000000000007
0.019490000000000007
0.019490000000000007
0.019490000000000007
0.024370000000000003
0.029259999999999953
0.029259999999999953
0.024370000000000003
0.024370000000000003
0.029259999999999953
0.024370000000000003
0.024370000000000003
0.024370000000000003
0.024370000000000003
0.019490000000000007
0.0146099999999999
0.0146099999999999
0.019490000000000007
0.0146099999999999
0.024370000000000003
0.024370000000000003
0.024370000000000003
0.029259999999999953
0.024370000000000003
0.029259999999999953
0.029259999999999953
0.024370000000000003
0.024370000000000003
0.024370000000000003
0.024370000000000003
0.019490000000000007
0.009719999999999951
0.0146099999999999
0.0146099999999999
0.019490000000000007
0.019490000000000007
0.019490000000000007
0.019490000000000007
0.024370000000000003
0.024370000000000003
0.029259999999999953
0.024370000000000003
0.024370000000000003
0.024370000000000003
0.019490000000000007
0.024370000000000003
0.019490000000000007
0.0146099999999999
0.0146099999999999
0.0146099999999999
0.0146099999999999
0.019490000000000007
0.0146099999999999
0.019490000000000007
0.024370000000000003
0.024370000000000003
0.029259999999999953
0.019490000000000007
0.024370000000000003
0.024370000000000003
0.019490000000000007
0.0146099999999999
0.019490000000000007
0.0146099999999999
0.019490000000000007
0.0146099999999999
0.0146099999999999
0.0146099999999999
0.0146099999999999
0.0146099999999999
0.0146099999999999
0.019490000000000007
0.019490000000000007
0.019490000000000007
0.024370000000000003
0.019490000000000007
0.019490000000000007
0.019490000000000007
0.019490000000000007
0.019490000000000007
0.009719999999999951
0.0047999999999999154
0.009719999999999951
0.009719999999999951
0.009719999999999951
0.0146099999999999
0.0146099999999999
0.0146099999999999
0.0146099999999999
0.019490000000000007
0.024370000000000003
0.019490000000000007
0.019490000000000007
0.019490000000000007
0.0146099999999999
0.019490000000000007
0.0146099999999999
0.009719999999999951
0.0146099999999999
0.0047999999999999154
0.009719999999999951
0.0146099999999999
0.0146099999999999
0.0146099999999999
0.019490000000000007
0.019490000000000007
0.024370000000000003
0.0146099999999999
0.019490000000000007
0.019490000000000007
0.0146099999999999
0.0146099999999999
0.0146099999999999
0.0146099999999999
0.0146099999999999
0.0047999999999999154
0.009719999999999951
0.0146099999999999
0.009719999999999951
0.0146099999999999
0.0146099999999999
0.0146099999999999
0.019490000000000007
0.0146099999999999
0.019490000000000007
0.019490000000000007
0.0146099999999999
0.019490000000000007
0.0146099999999999
0.0146099999999999
0.0146099999999999
0.0047999999999999154
0.0047999999999999154
0.009719999999999951
0.0047999999999999154
0.009719999999999951
0.0146099999999999
0.009719999999999951
0.0146099999999999
0.019490000000000007
0.019490000000000007
0.019490000000000007
0.019490000000000007
0.0146099999999999
0.0146099999999999
0.0146099999999999
0.0146099999999999
0.0047999999999999154
0.009719999999999951
0.0047999999999999154
0.009719999999999951
0.009719999999999951
0.009719999999999951
0.0146099999999999
0.0146099999999999
0.0146099999999999
0.019490000000000007
0.0146099999999999
0.0146099999999999
0.0146099999999999
0.019490000000000007
0.0146099999999999
0.0146099999999999
0.0146099999999999
0.009719999999999951
0.009719999999999951
0.009719999999999951
0.0047999999999999154
0.0047999999999999154
0.009719999999999951
0.009719999999999951
0.0146099999999999
0.0146099999999999
0.0146099999999999
0.0146099999999999
0.019490000000000007
0.019490000000000007
0.0146099999999999
0.009719999999999951
0.0146099999999999
0.0047999999999999154
0.0047999999999999154
0.009719999999999951
0.0047999999999999154
0.009719999999999951
0.009719999999999951
0.009719999999999951
0.009719999999999951
0.0146099999999999
0.0146099999999999
0.019490000000000007
0.0146099999999999
0.0146099999999999
0.0146099999999999
0.0146099999999999
0.0146099999999999
0.009719999999999951
0.0047999999999999154
0.009719999999999951
0.0047999999999999154
0.0047999999999999154
0.009719999999999951
0.009719999999999951
0.009719999999999951
0.009719999999999951
0.009719999999999951
0.0146099999999999
0.0146099999999999
0.0146099999999999
0.0146099999999999
0.0146099999999999
0.0146099999999999
0.0146099999999999
0.0146099999999999
0.009719999999999951
0.0
0.0047999999999999154
0.0047999999999999154
0.009719999999999951
0.009719999999999951
0.009719999999999951
0.009719999999999951
0.0146099999999999
0.009719999999999951
0.0146099999999999
0.0146099999999999
0.0146099999999999
0.009719999999999951
0.0047999999999999154
0.009719999999999951
0.009719999999999951
0.0047999999999999154
0.019490000000000007
0.024370000000000003
0.0146099999999999
0.019490000000000007
0.019490000000000007
0.024370000000000003
0.0146099999999999
0.024370000000000003
0.06833
0.14647
1.55307
2.0952
2.2515
2.2954
2.3003
2.271
2.2611999999999997
2.2367999999999997
2.2173
2.1978
2.1782
2.1635999999999997
2.1489000000000003
2.1391
2.1342999999999996
2.1196
2.1098
2.105
2.0952
2.0903
2.0854
2.0805
2.0708
2.0659
2.0708
2.0659
2.0659
2.0659
2.0659
2.0659
2.0708
2.0659
2.0659
2.0659
2.061
2.0561
2.0511999999999997
2.0511999999999997
2.0415
2.0366
2.0366
2.0366
2.0317
2.0267999999999997
2.0267999999999997
2.0267999999999997
2.0219
2.017
2.0219
2.0122
2.0072799999999997
2.00239
1.99263
1.99263
1.98774
1.97309
1.97309
1.96332
1.96332
1.95844
1.95355
1.95355
1.94867
1.94867
1.94379
1.9388999999999998
1.9291299999999998
1.9291299999999998
1.9193699999999998
1.9096
1.90471
1.89983
1.89006
1.88518
1.88029
1.87541
1.86564
1.86564
1.85587
1.85587
1.85587
1.84611
1.8412199999999999
1.8363399999999999
1.8265699999999998
1.8168
1.81192
1.80703
1.79727
1.7875
1.77773
1.77773
1.77285
1.76308
1.75819
1.75331
1.74843
1.7435399999999999
1.7386599999999999
1.7288899999999998
1.7240099999999998
1.71912
1.70447
1.69959
1.6947
1.68005
1.67517
1.6654
1.65563
1.65075
1.65075
1.6409799999999999
1.6360899999999998
1.6312099999999998
1.6263299999999998
1.61656
1.60679
1.59702
1.58725
1.57749
1.56772
1.55795
1.54818
1.5335299999999998
1.5286499999999998
1.52376
1.51399
1.50911
1.49934
1.48957
1.48469
1.47004
1.46027
1.4505
1.4358499999999998
1.4309699999999999
1.41631
1.40655
1.39189
1.37724
1.36747
1.35282
1.3430499999999999
1.3332899999999999
1.32352
1.30887
1.2991
1.28933
1.27956
1.26979
1.25026
1.2356099999999999
1.22095
1.2063
1.1916499999999999
1.17211
1.15746
1.1379299999999999
1.12327
1.10862
1.0939699999999999
1.079318
1.064666
1.050014
1.035362
1.015826
0.9962899999999999
0.9816379999999999
0.9572179999999999
0.9376819999999999
0.9181459999999999
0.9034899999999999
0.8741899999999999
0.8546499999999999
0.83512
0.8204699999999999
0.79116
0.7716299999999999
0.7520899999999999
0.73255
0.71302
0.6885999999999999
0.66418
0.6446399999999999
0.61534
0.5860299999999999
0.5616099999999999
0.53719
0.50301
0.4736999999999999
0.4492799999999999
0.4199799999999999
0.3955599999999999
0.3711399999999999
0.3467199999999999
0.3222999999999999
0.2978799999999999
0.2783399999999999
0.2539199999999999
0.23439
0.20507999999999993
0.19043
0.16601
0.15623999999999993
0.13671
0.11717
0.10251999999999994
0.09275
0.08297999999999994
0.07321
0.06833
0.06345
0.05367999999999995
0.04879
0.04879
0.043910000000000005
0.0390299999999999
0.03413999999999995
0.029259999999999953
0.029259999999999953
0.029259999999999953
0.024370000000000003
0.019490000000000007
0.0146099999999999
0.0146099999999999
0.0146099999999999
0.0146099999999999
0.019490000000000007
0.019490000000000007
0.024370000000000003
0.024370000000000003
0.024370000000000003
0.024370000000000003
0.024370000000000003
0.019490000000000007
0.019490000000000007
0.019490000000000007
0.019490000000000007
0.0146099999999999
0.0146099999999999
0.0146099999999999
0.0146099999999999
0.0146099999999999
0.019490000000000007
0.019490000000000007
0.019490000000000007
0.019490000000000007
0.019490000000000007
0.024370000000000003
0.024370000000000003
0.024370000000000003
0.024370000000000003
0.024370000000000003
0.024370000000000003
0.019490000000000007
0.019490000000000007
0.019490000000000007
0.0146099999999999
0.009719999999999951
0.0146099999999999
0.019490000000000007
0.019490000000000007
0.019490000000000007
0.024370000000000003
0.029259999999999953
0.019490000000000007
0.024370000000000003
0.024370000000000003
0.024370000000000003
0.024370000000000003
0.019490000000000007
0.019490000000000007
0.019490000000000007
0.0146099999999999
0.0146099999999999
0.019490000000000007
0.019490000000000007
0.024370000000000003
0.019490000000000007
0.024370000000000003
0.029259999999999953
0.029259999999999953
0.024370000000000003
0.029259999999999953
0.024370000000000003
0.024370000000000003
0.024370000000000003
0.019490000000000007
0.019490000000000007
0.0146099999999999
0.019490000000000007
0.019490000000000007
0.0146099999999999
0.0146099999999999
0.019490000000000007
0.019490000000000007
0.024370000000000003
0.024370000000000003
0.024370000000000003
0.024370000000000003
0.024370000000000003
0.019490000000000007
0.024370000000000003
0.019490000000000007
0.019490000000000007
0.0146099999999999
0.0146099999999999
0.0146099999999999
0.009719999999999951
0.019490000000000007
0.019490000000000007
0.019490000000000007
0.019490000000000007
0.019490000000000007
0.029259999999999953
0.024370000000000003
0.024370000000000003
0.029259999999999953
0.024370000000000003
0.019490000000000007
0.019490000000000007
0.019490000000000007
0.0146099999999999
0.009719999999999951
0.0146099999999999
0.019490000000000007
0.019490000000000007
0.019490000000000007
0.019490000000000007
0.019490000000000007
0.024370000000000003
0.024370000000000003
0.024370000000000003
0.024370000000000003
0.019490000000000007
0.019490000000000007
0.019490000000000007
0.019490000000000007
0.019490000000000007
0.009719999999999951
0.0146099999999999
0.0146099999999999
0.009719999999999951
0.009719999999999951
0.019490000000000007
0.0146099999999999
0.019490000000000007
0.019490000000000007
0.024370000000000003
0.019490000000000007
0.019490000000000007
0.019490000000000007
0.019490000000000007
0.019490000000000007
0.019490000000000007
0.0146099999999999
0.0146099999999999
0.009719999999999951
0.0146099999999999
0.0146099999999999
0.0146099999999999
0.019490000000000007
0.019490000000000007
0.019490000000000007
0.024370000000000003
0.019490000000000007
0.019490000000000007
0.019490000000000007
0.019490000000000007
0.0146099999999999
0.019490000000000007
0.0146099999999999
0.009719999999999951
0.009719999999999951
0.0146099999999999
0.0146099999999999
0.0146099999999999
0.0146099999999999
0.0146099999999999
0.0146099999999999
0.019490000000000007
0.019490000000000007
0.019490000000000007
0.024370000000000003
0.019490000000000007
0.0146099999999999
0.0146099999999999
0.0146099999999999
0.009719999999999951
0.009719999999999951
0.0047999999999999154
0.0146099999999999
0.0047999999999999154
0.009719999999999951
0.0146099999999999
0.0146099999999999
0.019490000000000007
0.0146099999999999
0.019490000000000007
0.019490000000000007
0.019490000000000007
0.0146099999999999
0.0146099999999999
0.0146099999999999
0.0146099999999999
0.009719999999999951
0.0146099999999999
0.009719999999999951
0.009719999999999951
0.009719999999999951
0.009719999999999951
0.0146099999999999
0.0146099999999999
0.0146099999999999
0.019490000000000007
0.0146099999999999
0.0146099999999999
0.019490000000000007
0.019490000000000007
0.0146099999999999
0.0146099999999999
0.0146099999999999
0.0047999999999999154
0.0047999999999999154
0.009719999999999951
0.009719999999999951
0.0047999999999999154
0.009719999999999951
0.009719999999999951
0.0146099999999999
0.019490000000000007
0.019490000000000007
0.019490000000000007
0.019490000000000007
0.0146099999999999
0.0146099999999999
0.009719999999999951
0.0146099999999999
0.009719999999999951
0.009719999999999951
0.009719999999999951
0.009719999999999951
0.009719999999999951
0.009719999999999951
0.0146099999999999
0.009719999999999951
0.009719999999999951
0.009719999999999951
0.0146099999999999
0.0146099999999999
0.009719999999999951
0.0146099999999999
0.0146099999999999
0.0146099999999999
0.0146099999999999
0.009719999999999951
0.009719999999999951
0.0047999999999999154
0.0047999999999999154
0.0047999999999999154
0.009719999999999951
0.009719999999999951
0.009719999999999951
0.0146099999999999
0.0146099999999999
0.0146099999999999
0.009719999999999951
0.0146099999999999
0.0146099999999999
0.009719999999999951
0.0146099999999999
0.009719999999999951
0.0047999999999999154
0.0047999999999999154
0.0047999999999999154
0.009719999999999951
0.0047999999999999154
0.009719999999999951
0.0146099999999999
0.009719999999999951
0.0146099999999999
0.0146099999999999
0.0146099999999999
0.0146099999999999
0.009719999999999951
0.009719999999999951
0.009719999999999951
0.0146099999999999
0.009719999999999951
0.0047999999999999154
0.0146099999999999
0.024370000000000003
0.0146099999999999
0.0146099999999999
0.0146099999999999
0.019490000000000007
0.0146099999999999
0.024370000000000003
0.06345
0.15135999999999994
1.57749
2.0952
2.2564
2.2954
2.2954
2.2808
2.2611999999999997
2.2466
2.2222
2.1978
2.1831
2.1685
2.1538
2.1391
2.1342999999999996
2.1245000000000003
2.1147
2.1098
2.0952
2.0903
2.0854
2.0854
2.0757
2.0659
2.0708
2.0708
2.0708
2.0757
2.0659
2.0708
2.0659
2.0659
2.0659
2.0659
2.061
2.061
2.0561
2.0511999999999997
2.0511999999999997
2.0415
2.0366
2.0366
2.0366
2.0317
2.0317
2.0267999999999997
2.0219
2.0219
2.0219
2.017
2.0122
2.00239
1.99751
1.99751
1.98774
1.98286
1.97309
1.97309
1.96821
1.96332
1.95844
1.95355
1.95355
1.94379
1.94379
1.9388999999999998
1.9340199999999999
1.9291299999999998
1.9242499999999998
1.91448
1.9096
1.89983
1.89006
1.88029
1.88029
1.87541
1.87053
1.86564
1.86076
1.85587
1.85587
1.85099
1.8412199999999999
1.8363399999999999
1.8265699999999998
1.8168
1.8168
1.80703
1.79727
1.79238
1.7875
1.77773
1.76796
1.76796
1.76308
1.75819
1.75331
1.7435399999999999
1.7386599999999999
1.7337699999999998
1.71912
1.71912
1.70935
1.69959
1.6947
1.68493
1.67517
1.6654
1.65563
1.65075
1.6458599999999999
1.6409799999999999
1.6360899999999998
1.6263299999999998
1.62144
1.61656
1.60191
1.59702
1.59214
1.57749
1.5726
1.55307
1.5433
1.5384099999999998
1.5286499999999998
1.52376
1.51399
1.50423
1.49934
1.48957
1.48469
1.47004
1.46027
1.4505
1.4358499999999998
1.42608
1.41631
1.40166
1.39189
1.37724
1.36747
1.35771
1.3430499999999999
1.3332899999999999
1.32352
1.30887
1.2991
1.2844499999999999
1.27468
1.26003
1.2453699999999999
1.2356099999999999
1.22095
1.20142
1.1867699999999999
1.16723
1.1476899999999999
1.1379299999999999
1.11839
1.1037379999999999
1.0939699999999999
1.079318
1.064666
1.050014
1.035362
1.015826
0.9962899999999999
0.9816379999999999
0.9572179999999999
0.9327979999999999
0.9181459999999999
0.8986099999999999
0.8741899999999999
0.8546499999999999
0.8302299999999999
0.81558
0.79116
0.7716299999999999
0.7520899999999999
0.73255
0.71302
0.6885999999999999
0.6592899999999999
0.6348699999999999
0.6104499999999999
0.5909199999999999
0.55673
0.53231
0.50789
0.4736999999999999
0.4492799999999999
0.4248599999999999
0.3955599999999999
0.3711399999999999
0.3467199999999999
0.3222999999999999
0.2978799999999999
0.2734599999999999
0.2539199999999999
0.22949999999999993
0.20997
0.19043
0.16601
0.15135999999999994
0.13181999999999994
0.11229
0.09763
0.09275
0.07809999999999995
0.07321
0.06345
0.06345
0.05367999999999995
0.05367999999999995
0.04879
0.043910000000000005
0.0390299999999999
0.03413999999999995
0.029259999999999953
0.029259999999999953
0.024370000000000003
0.024370000000000003
0.019490000000000007
0.0146099999999999
0.019490000000000007
0.019490000000000007
0.019490000000000007
0.019490000000000007
0.019490000000000007
0.019490000000000007
0.024370000000000003
0.024370000000000003
0.024370000000000003
0.024370000000000003
0.019490000000000007
0.024370000000000003
0.019490000000000007
0.019490000000000007
0.019490000000000007
0.019490000000000007
0.019490000000000007
0.0146099999999999
0.0146099999999999
0.0146099999999999
0.019490000000000007
0.019490000000000007
0.024370000000000003
0.024370000000000003
0.029259999999999953
0.029259999999999953
0.024370000000000003
0.019490000000000007
0.019490000000000007
0.024370000000000003
0.019490000000000007
0.0146099999999999
0.0146099999999999
0.0146099999999999
0.0146099999999999
0.019490000000000007
0.019490000000000007
0.024370000000000003
0.024370000000000003
0.024370000000000003
0.024370000000000003
0.024370000000000003
0.024370000000000003
0.024370000000000003
0.024370000000000003
0.024370000000000003
0.024370000000000003
0.019490000000000007
0.019490000000000007
0.019490000000000007
0.019490000000000007
0.024370000000000003
0.019490000000000007
0.024370000000000003
0.024370000000000003
0.024370000000000003
0.029259999999999953
0.029259999999999953
0.029259999999999953
0.029259999999999953
0.024370000000000003
0.024370000000000003
0.019490000000000007
0.024370000000000003
0.024370000000000003
0.019490000000000007
0.019490000000000007
0.019490000000000007
0.0146099999999999
0.0146099999999999
0.019490000000000007
0.019490000000000007
0.024370000000000003
0.019490000000000007
0.024370000000000003
0.029259999999999953
0.024370000000000003
0.024370000000000003
0.019490000000000007
0.019490000000000007
0.019490000000000007
0.0146099999999999
0.0146099999999999
0.0146099999999999
0.009719999999999951
0.019490000000000007
0.019490000000000007
0.019490000000000007
0.019490000000000007
0.019490000000000007
0.024370000000000003
0.024370000000000003
0.019490000000000007
0.024370000000000003
0.024370000000000003
0.024370000000000003
0.024370000000000003
0.019490000000000007
0.0146099999999999
0.0146099999999999
0.0146099999999999
0.019490000000000007
0.019490000000000007
0.019490000000000007
0.019490000000000007
0.019490000000000007
0.019490000000000007
0.024370000000000003
0.024370000000000003
0.024370000000000003
0.0146099999999999
0.019490000000000007
0.019490000000000007
0.019490000000000007
0.019490000000000007
0.009719999999999951
0.009719999999999951
0.0146099999999999
0.009719999999999951
0.0146099999999999
0.0146099999999999
0.0146099999999999
0.019490000000000007
0.019490000000000007
0.019490000000000007
0.019490000000000007
0.019490000000000007
0.019490000000000007
0.0146099999999999
0.019490000000000007
0.0146099999999999
0.009719999999999951
0.0047999999999999154
0.009719999999999951
0.009719999999999951
0.0146099999999999
0.0146099999999999
0.019490000000000007
0.019490000000000007
0.019490000000000007
0.019490000000000007
0.019490000000000007
0.0146099999999999
0.019490000000000007
0.0146099999999999
0.0146099999999999
0.0146099999999999
0.0146099999999999
0.009719999999999951
0.009719999999999951
0.009719999999999951
0.0146099999999999
0.0146099999999999
0.0146099999999999
0.0146099999999999
0.0146099999999999
0.019490000000000007
0.019490000000000007
0.0146099999999999
0.019490000000000007
0.0146099999999999
0.0146099999999999
0.0146099999999999
0.0146099999999999
0.0146099999999999
0.009719999999999951
0.009719999999999951
0.009719999999999951
0.009719999999999951
0.009719999999999951
0.0146099999999999
0.0146099999999999
0.0146099999999999
0.019490000000000007
0.019490000000000007
0.019490000000000007
0.019490000000000007
0.0146099999999999
0.0146099999999999
0.0146099999999999
0.009719999999999951
0.0047999999999999154
0.0047999999999999154
0.009719999999999951
0.009719999999999951
0.009719999999999951
0.009719999999999951
0.009719999999999951
0.0146099999999999
0.0146099999999999
0.0146099999999999
0.019490000000000007
0.0146099999999999
0.0146099999999999
0.019490000000000007
0.0146099999999999
0.0146099999999999
0.009719999999999951
0.0047999999999999154
0.009719999999999951
0.0047999999999999154
0.009719999999999951
0.009719999999999951
0.009719999999999951
0.009719999999999951
0.0146099999999999
0.019490000000000007
0.019490000000000007
0.0146099999999999
0.0146099999999999
0.0146099999999999
0.009719999999999951
0.0146099999999999
0.009719999999999951
0.009719999999999951
0.009719999999999951
0.009719999999999951
0.0146099999999999
0.0047999999999999154
0.009719999999999951
0.0146099999999999
0.0146099999999999
0.0146099999999999
0.0146099999999999
0.0146099999999999
0.019490000000000007
0.0146099999999999
0.0146099999999999
0.0146099999999999
0.0146099999999999
0.0146099999999999
0.0047999999999999154
0.0047999999999999154
0.0047999999999999154
0.0047999999999999154
0.0047999999999999154
0.0047999999999999154
0.009719999999999951
0.0146099999999999
0.0146099999999999
0.0146099999999999
0.0146099999999999
0.0146099999999999
0.0146099999999999
0.009719999999999951
0.0146099999999999
0.0146099999999999
0.009719999999999951
0.0047999999999999154
0.0047999999999999154
0.0047999999999999154
0.009719999999999951
0.009719999999999951
0.009719999999999951
0.0146099999999999
0.0146099999999999
0.019490000000000007
0.019490000000000007
0.0146099999999999
0.0146099999999999
0.0146099999999999
0.0146099999999999
0.009719999999999951
0.009719999999999951
0.009719999999999951
0.0047999999999999154
0.019490000000000007
0.029259999999999953
0.019490000000000007
0.019490000000000007
0.019490000000000007
0.024370000000000003
0.019490000000000007
0.024370000000000003
0.06345
0.14647
1.61167
2.0952
2.2564
2.2954
2.2954
2.2759
2.2564
2.2466
2.2173
2.2026
2.1879999999999997
2.1685
2.1538
2.1391
2.1342999999999996
2.1245000000000003
2.1098
2.1098
2.1001
2.0952
2.0903
2.0805
2.0708
2.0757
2.0708
2.0708
2.0708
2.0708
2.0708
2.0708
2.0757
2.0757
2.0659
2.0708
2.0659
2.061
2.0561
2.0511999999999997
2.0464
2.0464
2.0415
2.0415
2.0366
2.0317
2.0366
2.0317
2.0267999999999997
2.0219
2.0219
2.017
2.0122
2.0072799999999997
1.99751
1.99751
1.99263
1.97797
1.97309
1.97309
1.96332
1.96332
1.95844
1.95355
1.95355
1.94867
1.94379
1.94379
1.9340199999999999
1.9340199999999999
1.9242499999999998
1.91448
1.9096
1.90471
1.89006
1.88518
1.88029
1.88029
1.87541
1.86564
1.86076
1.86076
1.85587
1.85587
1.8412199999999999
1.8363399999999999
1.8216899999999998
1.8168
1.81192
1.80703
1.79727
1.79238
1.78261
1.77773
1.76796
1.76308
1.76308
1.75331
1.74843
1.7435399999999999
1.7386599999999999
1.7386599999999999
1.7240099999999998
1.71424
1.70935
1.69959
1.68982
1.67517
1.6654
1.6654
1.66051
1.65563
1.65075
1.6409799999999999
1.6409799999999999
1.6263299999999998
1.62144
1.61656
1.60191
1.59702
1.58725
1.57749
1.56772
1.55795
1.54818
1.5384099999999998
1.5286499999999998
1.5188799999999998
1.51399
1.50423
1.49934
1.48957
1.48469
1.47981
1.46027
1.45539
1.4407299999999998
1.4309699999999999
1.41631
1.41143
1.39189
1.37724
1.36747
1.35771
1.3430499999999999
1.3332899999999999
1.32352
1.30887
1.30398
1.28933
1.27468
1.26491
1.2453699999999999
1.23072
1.21607
1.20142
1.1867699999999999
1.17211
1.1476899999999999
1.1379299999999999
1.11839
1.10862
1.0939699999999999
1.079318
1.064666
1.050014
1.035362
1.015826
0.9962899999999999
0.9816379999999999
0.9621019999999999
0.9376819999999999
0.9181459999999999
0.8986099999999999
0.8741899999999999
0.85954
0.83512
0.81558
0.7960499999999999
0.7765099999999999
0.7520899999999999
0.7374399999999999
0.7179
0.6934799999999999
0.66418
0.6397599999999999
0.61534
0.5909199999999999
0.5616099999999999
0.53231
0.50789
0.47858999999999996
0.4492799999999999
0.4248599999999999
0.3955599999999999
0.3711399999999999
0.3515999999999999
0.3222999999999999
0.2978799999999999
0.2783399999999999
0.24903999999999993
0.22949999999999993
0.20997
0.19043
0.16601
0.15135999999999994
0.13671
0.11717
0.09763
0.08787
0.07809999999999995
0.07321
0.06833
0.06345
0.058559999999999945
0.05367999999999995
0.043910000000000005
0.043910000000000005
0.03413999999999995
0.0390299999999999
0.03413999999999995
0.029259999999999953
0.029259999999999953
0.024370000000000003
0.019490000000000007
0.019490000000000007
0.0146099999999999
0.019490000000000007
0.019490000000000007
0.0146099999999999
0.019490000000000007
0.019490000000000007
0.024370000000000003
0.029259999999999953
0.024370000000000003
0.029259999999999953
0.024370000000000003
0.019490000000000007
0.024370000000000003
0.024370000000000003
0.019490000000000007
0.019490000000000007
0.0146099999999999
0.019490000000000007
0.0146099999999999
0.0146099999999999
0.019490000000000007
0.024370000000000003
0.024370000000000003
0.029259999999999953
0.024370000000000003
0.029259999999999953
0.024370000000000003
0.024370000000000003
0.019490000000000007
0.024370000000000003
0.019490000000000007
0.019490000000000007
0.0146099999999999
0.019490000000000007
0.009719999999999951
0.019490000000000007
0.019490000000000007
0.019490000000000007
0.024370000000000003
0.024370000000000003
0.024370000000000003
0.029259999999999953
0.024370000000000003
0.029259999999999953
0.029259999999999953
0.024370000000000003
0.024370000000000003
0.019490000000000007
0.019490000000000007
0.024370000000000003
0.019490000000000007
0.019490000000000007
0.024370000000000003
0.024370000000000003
0.024370000000000003
0.029259999999999953
0.029259999999999953
0.03413999999999995
0.024370000000000003
0.029259999999999953
0.024370000000000003
0.019490000000000007
0.019490000000000007
0.024370000000000003
0.024370000000000003
0.019490000000000007
0.009719999999999951
0.019490000000000007
0.0146099999999999
0.0146099999999999
0.024370000000000003
0.019490000000000007
0.024370000000000003
0.024370000000000003
