0.0
0.0
0.0
0.0
0.0
0.0
0.0
0.0
0.0
0.0
0.0
0.0
0.0
0.0
0.0
0.0
0.0
0.0
0.0
0.0
0.0
0.0
0.0
0.0
0.0
0.0
0.0
0.0
0.0
0.0
0.0
0.0
0.0
0.0
0.0
0.0
0.0
0.0
0.0
0.0
0.0
0.0
0.0
0.0
0.0
0.0
0.0
0.0
0.0
0.0
0.0
0.0
0.0
0.0
0.0
0.0
0.0
0.0
0.0
0.0
0.0
0.0
0.0
0.0
0.0
0.0
0.0
0.0
0.0
0.0
0.0
0.0
0.0
0.0
0.0
0.0
0.0
0.0
0.0
0.0
0.0
0.0
0.011666835751242772
0.009333468600994217
0.012681343207872578
0.014304555138480267
0.01795678198234757
0.01471035812113219
0.021406107334888912
0.023942375976463426
0.03692807142132495
0.07659531297555038
0.1544080348990565
0.2586994014406006
0.37780257684893986
0.5031956984883839
0.6347773156132698
0.7570254641371614
0.8445774576443137
0.8976361976260525
0.9270569138683169
0.9442020898853607
0.9494775286598357
0.9624632241046972
0.9591153494978188
0.9655067464745866
0.9712894389773765
0.9725068479253323
0.9751445673125697
0.9879273612661053
0.9840722329309121
0.9938115045145581
0.9957390686821548
0.9953332656995029
0.9906665313990057
0.9903621791620169
0.9843765851679009
0.9836664299482601
0.9721010449426803
0.9640864360353049
0.9572892360758851
0.9478543167292279
0.9404484122958304
0.932230901897129
0.9280714213249467
0.9195495586892564
0.9125494572385107
0.9064624124987318
0.9040275946028203
0.895404281221467
0.879476514152379
0.8592878157654459
0.8382875114132089
0.8305772547428224
0.811504514558182
0.7999391295526022
0.7895911534949782
0.7780257684893984
0.7688952013797301
0.7659531297555037
0.7421122045247033
0.7299381150451456
0.7156335599066653
0.6922998884041798
0.6735315004565283
0.6570964796591255
0.6362990767982145
0.6220959724053972
0.6035304859490718
0.5760373338744039
0.554631226539515
0.5337323729329411
0.5087754894998479
0.48625342396266613
0.45815156741402047
0.4432383078015623
0.4143248452876129
0.37881708430556965
0.3481789591153495
0.3127726488789693
0.277366338642589
0.24845287612863953
0.20249568834330933
0.17185756315308917
0.14629197524601806
0.1220452470325657
0.10672618443745562
0.09587095465151668
0.07831997565182104
0.07476919955361672
0.07142132494673836
0.0685807040681749
0.060768996652125394
0.050116668357512426
0.03631936694734706
0.03378309830577255
0.028710561022623517
0.022623516282844678
0.02100030435223699
0.0293192654966014
0.03550776098204322
0.038449832606269656
0.04413107436339657
0.030333772953231208
0.04027594602820331
0.040884650502181194
0.03784112813229177
0.03489905650806534
0.03327584457745764
0.028101856548645634
0.03530485949071726
0.02282641777417064
0.027290250583341787
0.016942274525717765
0.015319062595110074
0.01765242974535863
0.018464035710662473
0.01471035812113219
0.015521964086436035
0.0
0.007608805924723547
0.00801460890737547
0.005275438774474992
0.004159480572182205
0.014406005884143248
0.00659429846809374
0.01978289540428122
0.021406107334888912
0.016840823780054782
0.012681343207872578
0.01815968347367353
0.01460890737546921
0.022420614791518717
0.010652328294612965
0.0017246626762706706
0.004666734300497109
0.02130465658922593
0.038044029623617734
0.08724764127016334
0.19123465557471847
0.32017855331236683
0.4530790301308715
0.5801968144465862
0.696256467485036
0.8052145683270772
0.8777518514761083
0.910418991579588
0.9189408542152785
0.9226945318048088
0.9263467586486761
0.9383179466369078
0.9485644719488688
0.9638835345439789
0.9662169016942275
0.9796084001217409
0.9918839403469616
1.0
0.9960434209191438
0.9907679821446688
0.9971593791214366
0.9966521253931216
0.9911737851273207
0.984478035913564
0.9772750329714923
0.973724256873288
0.9709850867403875
0.9598255047174596
0.9497818808968246
0.9367961854519631
0.9249264482093943
0.9241148422440905
0.9222887288221568
0.9148828243887592
0.900679719995942
0.8877954752967434
0.8749112305975449
0.8633458455919651
0.8557370396672416
0.8446789083899766
0.8258090696966622
0.8077508369686517
0.8021710459571878
0.7961854519630719
0.7812721923506137
0.7563153089175205
0.7305468195191235
0.7198944912245105
0.7126914882824389
0.6940245510804505
0.675459064624125
0.6668357512427716
0.648980420006087
0.6455310946535457
0.6250380440296236
0.612762503804403
0.5924723546718068
0.5692401339149843
0.5455006594298468
0.5279496804301511
0.4931520746677488
0.4668763315410368
0.43319468398092725
0.4071218423455412
0.37201988434614996
0.3452368874911231
0.3109465354570356
0.28142436846910823
0.2529167089378107
0.2193365121233641
0.183220046667343
0.1638429542457137
0.13736430962767576
0.11646545602110175
0.09678401136248352
0.08105914578472152
0.06939231003347875
0.06158060261742924
0.052348584762098
0.03287004159480572
0.026681546109363904
0.02424672821345237
0.010246525311961043
0.0035507760982043217
0.00324642386121538
0.0
0.005275438774474992
0.0059855939941158565
0.0004058029826519225
0.00984072232930912
0.007710256670386527
0.008826214872679315
0.011058131277264889
0.010956680531601906
0.01329004768185046
0.02150755808055189
0.016840823780054782
0.02130465658922593
0.018768387947651417
0.02921781475093842
0.02444962970477833
0.02150755808055189
0.012782793953535558
0.01643502079740286
0.020290149132596125
0.01978289540428122
0.007101552196408643
0.00984072232930912
0.007608805924723547
0.01126103276859085
0.015319062595110074
0.007507355179060566
0.012376990970883637
0.016130668560413917
0.01795678198234757
0.022014811808866795
0.02110175509789997
0.01775388049102161
0.025362686415745156
0.025058334178756213
0.020898853606574008
0.019985796895607182
0.029826519224916304
0.038044029623617734
0.04940651313787156
0.08592878157654459
0.17601704372527138
0.2948158668966217
0.40600588414324845
0.5200365222684387
0.6421832200466674
0.753880491021609
0.853200771025667
0.8973318453890636
0.9155929796084001
0.9400426093131784
0.9501876838794765
0.9569848838388962
0.9710865374860506
0.9770721314801664
0.9814345135436745
0.9843765851679009
0.9931013492949173
0.9915795881099726
0.9847823881505529
0.9903621791620169
0.983970782185249
0.9800142031043928
0.979202597139089
0.9725068479253323
0.9657096479659125
0.9709850867403875
0.9567819823475703
0.9541442629603327
0.9468398092725981
0.9418687227351121
0.9336512123364107
0.9330425078624328
0.9209698691285381
0.9169118393020189
0.8987521558283453
0.8946941260018261
0.879476514152379
0.8695343410774069
0.8577660545805011
0.8468093740488992
0.8361570457542863
0.8278380846099219
0.8185046160089277
0.811605965303845
0.7992289743329614
0.795881099726083
0.7880693923100335
0.7731561326975753
0.7634168611139291
0.7391701329004768
0.7254742822359744
0.7094450644212235
0.6743431064218322
0.6556761692198437
0.6356903723242365
0.6181393933245409
0.60211017550979
0.5669067667647357
0.5461093639038247
0.5304859490717256
0.5007608805924724
0.48087653444252815
0.45105001521761184
0.4164553109465355
0.4027594602820331
0.36684589631733794
0.32951202191336104
0.2963376280815664
0.2518007507355179
0.21233641067261844
0.18200263771938724
0.1439586080957695
0.11453789185350512
0.09921882925839505
0.08187075175002537
0.07405904433397585
0.0649284772243076
0.05965303844983261
0.05802982651922492
0.05356599371005377
0.048189104189915795
0.04108755199350715
0.03550776098204322
0.03144973115552399
0.023536572993811504
0.0162321193060769
0.01471035812113219
0.01318859693618748
0.015116161103784113
0.014203104392817287
0.011971187988231713
0.01815968347367353
0.026985898346352847
0.024753981941767273
0.019985796895607182
0.0162321193060769
0.020391599878259104
0.020898853606574008
0.01602921781475094
0.010652328294612965
0.009029116364005276
0.00649284772243076
0.007710256670386527
0.00659429846809374
0.009739271583646139
0.011058131277264889
0.010652328294612965
0.016130668560413917
0.020391599878259104
0.023638023739474486
0.012884244699198539
0.011971187988231713
0.0039565790808562444
0.003753677589530283
0.0023333671502485543
0.0
0.0009130567109668256
0.010449426803287004
0.009739271583646139
0.022014811808866795
0.023536572993811504
0.03550776098204322
0.04230496094146292
0.044739778837374455
0.05194278177944608
0.07547935477325758
0.12326265598052145
0.22014811808866794
0.32890331743938317
0.4560211017550979
0.5813127726488789
0.69605356599371
0.7995333265699502
0.8838388962158872
0.905752257279091
0.9135639646951406
0.9131581617124885
0.9204626154002232
0.9327381556254438
0.9482601197118798
0.9502891346251395
0.9662169016942275
0.9757532717865476
0.9866085015724866
0.9899563761793649
0.9910723343816578
0.9874201075377904
0.9885360657400832
0.984478035913564
0.9836664299482601
0.9757532717865476
0.9646951405092827
0.963680633052653
0.9605356599371005
0.9496804301511617
0.9404484122958304
0.9360860302323222
0.9342599168103886
0.9314192959318252
0.9243177437354164
0.9082885259206656
0.8960129856954449
0.8856650096378208
0.8772445977477934
0.8659835649792026
0.8607081262047276
0.8495485441817997
0.8367657502282642
0.8311859592168003
0.8264177741706401
0.8025768489398397
0.7888809982753373
0.7784315714720503
0.7618950999289845
0.7517500253626864
0.7387643299178249
0.7232423658313889
0.7178654763112509
0.6959521152480471
0.670285076595313
0.643704981231612
0.6310236380237395
0.612458151567414
0.5859795069493761
0.5464137161408137
0.5259206655168915
0.497413005985594
0.4733691792634676
0.43806431977275034
0.4026580095363701
0.37516485746170236
0.3572080754793548
0.3219032159886375
0.29410571167698085
0.26164147306482705
0.2293801359439992
0.1984376585167901
0.17408947955767476
0.14913259612458152
0.1272192350613777
0.10378411281322918
0.08501572486557776
0.07131987420107538
0.06249365932839606
0.047580399715937916
0.03530485949071726
0.027290250583341787
0.02110175509789997
0.02100030435223699
0.023942375976463426
0.025159784924419195
0.020695952115248047
0.01917419093030334
0.02658009536370092
0.018464035710662473
0.0162321193060769
0.014406005884143248
0.004971086537486051
0.009130567109668256
0.008724764127016334
0.005376889520137973
0.011666835751242772
0.01602921781475094
0.011058131277264889
0.015319062595110074
0.009739271583646139
0.023739474485137465
0.0225220655371817
0.026884447600689865
0.01978289540428122
0.01795678198234757
0.010550877548949985
0.007507355179060566
0.0027391701329004766
0.0028406208785634575
0.005275438774474992
