0.0
0.0
0.0
0.0
0.0
0.0
0.0
0.0
0.0
0.0
0.0
0.0
0.0
0.0
0.0
0.0
0.0
0.0
0.0
0.0
0.0
0.0
0.0
0.0
0.0
0.0
0.03913587977457733
0.05792110206637445
0.11897307451471509
0.2549572114381131
0.3912544353997078
0.5128365685660614
0.6347317887706115
0.7654978083907327
0.8860363180964308
0.9662909622208308
0.9822584011688583
0.9848674598204967
0.9926946357754123
1.0
0.9974953036944271
0.9774577332498434
0.9589855979962429
0.947192652890837
0.9423919849718222
0.9335211855562513
0.9290336046754331
0.914109789188061
0.9130661657274055
0.9020037570444583
0.8808182007931539
0.8637027760384054
0.8541014402003757
0.8386558129826759
0.8139219369651429
0.7977457733249843
0.7724900855771237
0.7534961385931955
0.7383635984136924
0.7175954915466499
0.6797119599248591
0.6513254017950324
0.6106240868294719
0.5887079941557086
0.5641828428303068
0.5391358797745773
0.4989563765393446
0.46180338134001253
0.4289292423293676
0.4031517428511793
0.3614068044249635
0.33072427468169485
0.2929451054059695
0.26142767689417656
0.2424337299102484
0.2213525360050094
0.19296597787518263
0.18294719265289083
0.1453767480692966
0.13024420788979335
0.11542475474848675
0.09006470465456064
0.07952410770194114
0.06887914840325611
0.041953663118346904
0.04664996869129618
0.01857649759966604
0.003757044458359424
0.0029221456898351076
0.0
0.02389897724900856
0.06491337925276561
0.15456063452306407
0.2943018159048215
0.4364433312460864
0.5763932373199749
0.7159256940096014
0.8310373617198915
0.9334168232101858
0.9685869338342726
0.9769359215195158
0.9822584011688583
0.9837194740137758
0.9797537048632853
0.9717178042162388
0.9649342517219787
0.9705698184095178
0.9637862659152577
0.953767480692966
0.9376956793988729
0.9268419954080568
0.9076393237319975
0.89167188478397
0.8607806303485702
0.8577541223126696
0.8314548111041536
0.8109997912753079
0.7808390732623669
0.7721769985389272
0.7415988311417241
0.7256313921936965
0.6860780630348571
0.6564391567522437
0.6159465664788144
0.5876643706950532
0.5577123773742434
0.5327697766645795
0.5085577123773742
0.4735963264454185
0.44072218743477354
0.41546649968691296
0.3797745773324984
0.3400125234815279
0.303485702358589
0.26737633061991234
0.23846796075975787
0.2118555625130453
0.1862867877269881
0.16249217282404507
0.14454184930077227
0.13775829680651222
0.11281569609684826
0.1047797954498017
0.08557712377374244
0.07441035274472971
0.0709663953245669
0.050824462533917765
0.03203924024212064
0.01836777290753496
0.011271133375078271
0.03151742851179295
0.060321436025881865
0.11250260905865164
0.21540388227927365
0.33469004383218537
0.4601335838029639
0.5879774577332498
0.7099770402838655
0.8208098518054686
0.897307451471509
0.933834272594448
0.9554372782300146
0.9828845752452515
0.9836151116677103
0.9847630974744312
0.9694218326027969
0.9716134418701733
0.9629513671467335
0.9677520350657483
0.9589855979962429
0.9586725109580463
0.9398872886662493
0.9391567522437905
0.9163013984554372
0.9037779169275725
0.8701732414944688
0.8477353370903777
0.8236276351492382
0.8032769776664579
0.7856397411813818
0.7733249843456481
0.7542266750156543
0.7383635984136924
0.7149864328950115
0.6852431642663327
0.658422041327489
0.6195992485911084
0.5849509496973492
0.5449801711542476
0.5049050302650804
0.47244834063869756
0.4382174911292006
0.40513462742642453
0.3800876643706951
0.3515967438948028
0.3235232728031726
0.2957628887497391
0.25787935712794824
0.23178877061156336
0.2100814026299311
0.1849300772281361
0.1548737215612607
0.12680025046963056
0.09872677937800042
0.08651638488833228
0.07357545397620538
0.05426841995408057
0.03652682112293884
0.024525151325401794
0.019724483406386977
0.008766437069505322
0.008557712377374243
0.007409726570653309
0.0012523481527864746
0.015863076601962012
0.06428720517637236
0.16364015863076603
0.3041118764349823
0.4221456898351075
0.5592778125652265
0.6964099352953455
0.8139219369651429
0.9185973700688791
0.9589855979962429
0.9656647881444375
0.9782926320183678
0.9707785431016489
0.9735963264454185
0.9713003548319766
0.9503235232728032
0.9421832602796911
0.935399707785431
0.9189104571070758
0.9039866416197037
0.8871843039031517
0.8774786057190566
0.8661031099979127
0.8489876852431643
0.8263410561469422
0.8143393863494052
0.8036944270507201
0.7845961177207263
0.7539135879774578
0.7402421206428721
0.7199958255061574
0.6951575871425589
0.6659361302442078
0.6370277603840534
0.6036318096430808
0.5775412231266959
0.5371529951993321
0.5017741598831141
0.46952619494886244
0.4376956793988729
0.39188060947610104
0.3569192235441453
0.31726153203924023
0.2720726361928616
0.23001461072844917
0.2037152995199332
0.1628052598622417
0.14109789188060948
0.11782508870799416
0.08891671884783969
0.07994155708620329
0.05927781256522647
0.04184930077228136
0.034335211855562514
0.02275099144228762
0.01826341056146942
0.019098309329993738
