0.008627
0.009492
0.010354
0.010354
0.006041
0.006041
0.004313
0.005179
0.006041
0.006903
0.006903
0.024157
0.081956
0.583184
1.196573
1.116345
1.086988
1.061128
1.052473
1.041274
1.025730
1.021420
1.017993
1.017110
1.020572
1.019724
1.022303
1.023151
1.030075
1.034385
1.038695
1.044736
1.047315
1.043853
1.043853
1.047315
1.044736
1.043005
1.038695
1.039543
1.035233
1.030075
1.029192
1.019724
1.014531
1.012800
1.010221
1.005028
0.999870
0.991251
0.986941
0.981748
0.979169
0.972244
0.963625
0.954157
0.944654
0.939461
0.932572
0.923952
0.913601
0.906677
0.900671
0.893747
0.882548
0.875624
0.868735
0.862694
0.856653
0.851496
0.836799
0.826448
0.818712
0.810057
0.802320
0.791086
0.782466
0.768653
0.760916
0.754875
0.743641
0.737600
0.728132
0.719477
0.710009
0.703968
0.692734
0.679805
0.667723
0.659951
0.647869
0.637518
0.628050
0.614237
0.601307
0.593535
0.584915
0.572833
0.561599
0.547821
0.539202
0.529699
0.517620
0.507266
0.489150
0.477071
0.463269
0.452053
0.438250
0.423586
0.403742
0.389940
0.377000
0.362335
0.344216
0.331275
0.318335
0.300219
0.284693
0.271752
0.251909
0.232065
0.215677
0.200147
0.186344
0.168227
0.152699
0.140621
0.127680
0.119053
0.110426
0.101799
0.092310
0.084545
0.075919
0.072467
0.064702
0.059527
0.052627
0.054351
0.044862
0.042273
0.043135
0.034508
0.029332
0.031060
0.032784
0.031922
0.030194
0.025881
0.025881
0.025019
0.027608
0.025019
0.021567
0.020705
0.020705
0.019843
0.023295
0.019843
0.014668
0.015530
0.015530
0.016392
0.013806
0.015530
0.018981
0.016392
0.018981
0.020705
0.017254
0.013806
0.015530
0.015530
0.017254
0.014668
0.011216
0.011216
0.011216
0.012940
0.012940
0.016392
0.012940
0.012940
0.013806
0.013806
0.016392
0.014668
0.008627
0.012940
0.011216
0.010354
0.014668
0.007765
0.004313
0.012078
0.009492
0.009492
0.011216
0.008627
0.011216
0.010354
0.013806
0.016392
0.010354
0.011216
0.010354
0.012078
0.011216
0.009492
0.006041
0.006903
0.006903
0.008627
0.006903
0.008627
0.011216
0.007765
0.012940
0.015530
0.010354
0.008627
0.008627
0.010354
0.007765
0.007765
0.005179
0.006041
0.005179
0.009492
0.009492
0.012078
0.007765
0.009492
0.008627
0.010354
0.012940
0.009492
0.008627
0.011216
0.006041
0.007765
0.009492
0.006041
0.002589
0.005179
0.007765
0.006041
0.006041
0.006041
0.007765
0.010354
0.011216
0.009492
0.006903
0.006903
0.007765
0.007765
0.006041
0.006041
0.000000
0.000866
0.009492
0.025019
0.081094
0.559020
1.200000
1.118041
1.090450
1.067169
1.049046
1.036081
1.024034
1.018841
1.019724
1.017110
1.017993
1.017110
1.019724
1.025730
1.032654
1.036081
1.037812
1.041274
1.044736
1.046467
1.045584
1.045584
1.042122
1.042122
1.038695
1.035233
1.034385
1.026613
1.023151
1.021420
1.021420
1.016262
1.011952
1.003333
0.999870
0.993829
0.990367
0.981748
0.974859
0.968818
0.959315
0.953274
0.948964
0.941192
0.929993
0.921373
0.915332
0.910139
0.901519
0.892899
0.886858
0.875624
0.871314
0.863542
0.856653
0.847186
0.836799
0.824753
0.818712
0.808361
0.799706
0.788507
0.781618
0.772963
0.765226
0.756571
0.747951
0.737600
0.728132
0.722091
0.713436
0.698775
0.688424
0.681536
0.667723
0.656524
0.647869
0.640132
0.622857
0.615968
0.606465
0.596114
0.584032
0.572833
0.565061
0.552979
0.541780
0.531430
0.516755
0.502952
0.490012
0.476209
0.468444
0.450329
0.436526
0.420134
0.407194
0.395115
0.377862
0.366649
0.351981
0.332141
0.319200
0.304533
0.284693
0.267439
0.251909
0.233793
0.219991
0.201872
0.184618
0.165639
0.153561
0.144072
0.132856
0.119053
0.108702
0.100075
0.094034
0.085407
0.080232
0.072467
0.062978
0.062978
0.054351
0.049176
0.045724
0.039687
0.037097
0.033646
0.035373
0.032784
0.031922
0.030194
0.029332
0.028470
0.027608
0.027608
0.025019
0.022433
0.019843
0.021567
0.020705
0.018981
0.018119
0.017254
0.017254
0.017254
0.014668
0.017254
0.013806
0.016392
0.020705
0.020705
0.018981
0.014668
0.014668
0.015530
0.015530
0.014668
0.012940
0.010354
0.011216
0.013806
0.012078
0.013806
0.012078
0.013806
0.013806
0.017254
0.018981
0.014668
0.010354
0.012940
0.013806
0.010354
0.012078
0.009492
0.007765
0.009492
