0
0
0
0
0
0
0
0
0
0
0
0
0
0
0
0
0
0
0
0
0
0
138
106
82
26
56
0
28
57
88
126
163
138
82
38
80
148
197
127
194
267
400
688
1600
2597
3797
4980
6177
7377
8275
8551
8728
8876
9026
9159
9166
9266
9445
9550
9608
9652
9698
9745
9760
9740
9755
9827
9801
9802
9811
9806
9806
9761
9708
9698
9628
9550
9566
9535
9535
9408
9332
9316
9290
9197
9114
9042
8998
9062
8954
8858
8839
8798
8748
8686
8494
8458
8406
8278
8188
8062
8003
8021
7921
7801
7694
7518
7431
7366
7179
7079
7044
6977
6911
6846
6666
6504
6326
6130
5823
5601
5339
5139
4972
4731
4579
4387
4171
3967
3713
3393
3213
2896
2735
2542
2320
2102
1983
1751
1521
1260
1060
877
725
588
482
434
410
370
349
350
248
239
247
266
234
291
310
409
356
310
297
359
281
184
151
214
216
192
179
139
262
277
252
302
345
247
243
198
196
234
172
139
180
231
156
148
118
133
115
106
44
143
88
89
176
177
196
258
226
262
223
122
155
159
131
121
134
135
147
117
138
152
151
139
200
210
254
254
260
260
262
222
185
143
151
172
204
167
208
226
214
142
135
111
89
56
26
31
54
23
31
51
28
79
96
130
138
88
72
77
100
98
89
126
187
175
235
279
291
259
231
138
208
163
96
64
55
0
63
101
158
159
198
247
335
325
210
151
136
109
119
84
134
222
234
266
330
296
255
212
221
189
165
160
198
244
266
213
226
214
121
101
109
101
110
185
217
298
308
297
272
385
543
1151
2128
3240
4440
5641
6765
7775
8447
8777
8971
9105
9279
9388
9511
9546
9573
9675
9749
9805
9790
9809
9899
9869
9869
9889
9877
9847
9805
9747
9766
9707
9670
9608
9652
9644
9662
9583
9528
9432
9459
9495
9427
9363
9382
9344
9263
9149
8954
8925
8873
8794
8761
8721
8643
8709
8721
8589
8518
8364
8288
8221
8046
7847
7771
7613
7540
7438
7291
7186
7089
6917
6838
6741
6599
6473
6326
6167
6044
5856
5621
5421
5243
5014
4774
4515
4170
3925
3653
3332
3119
2876
2680
2507
2256
2038
1876
1645
1439
1269
1105
972
844
762
667
624
541
537
524
583
509
497
467
471
422
455
412
439
432
428
409
412
383
409
433
491
483
480
534
515
450
424
368
374
381
297
292
241
218
162
134
106
147
138
184
217
205
234
165
193
259
172
163
255
280
409
324
347
428
412
313
310
308
335
221
260
305
371
347
297
358
400
354
276
305
281
316
292
270
222
275
229
255
214
194
226
198
