0.07765
0.1031
0.2058666666666666666666666667
0.4516666666666666666666666667
0.7296666666666666666666666667
0.9413333333333333333333333333
0.9993333333333333333333333333
1.003333333333333333333333333
1.003333333333333333333333333
1.006666666666666666666666667
1.01
1.013333333333333333333333333
1.016666666666666666666666667
1.02
1.02
1.023333333333333333333333333
1.026666666666666666666666667
1.033333333333333333333333333
1.033333333333333333333333333
1.033333333333333333333333333
1.03
1.03
1.033333333333333333333333333
1.036666666666666666666666667
1.04
1.04
1.04
1.04
1.036666666666666666666666667
1.036666666666666666666666667
1.033333333333333333333333333
1.033333333333333333333333333
1.033333333333333333333333333
1.036666666666666666666666667
1.036666666666666666666666667
1.033333333333333333333333333
1.03
1.03
1.03
1.026666666666666666666666667
1.023333333333333333333333333
1.02
1.02
1.02
1.02
1.016666666666666666666666667
1.013333333333333333333333333
1.01
1.01
1.01
1.01
1.006666666666666666666666667
1.003333333333333333333333333
0.9996666666666666666666666667
0.9993333333333333333333333333
0.9983333333333333333333333333
0.998
0.9946666666666666666666666667
0.9926666666666666666666666667
0.9893333333333333333333333333
0.989
0.9846666666666666666666666667
0.983
0.9806666666666666666666666667
0.981
0.9796666666666666666666666667
0.9773333333333333333333333333
0.976
0.9733333333333333333333333333
0.969
0.9663333333333333333333333333
0.964
0.9613333333333333333333333333
0.9593333333333333333333333333
0.9576666666666666666666666667
0.959
0.9553333333333333333333333333
0.9533333333333333333333333333
0.9513333333333333333333333333
0.951
0.948
0.9413333333333333333333333333
0.938
0.935
0.9356666666666666666666666667
0.9323333333333333333333333333
0.932
0.930
0.927
0.922
0.9183333333333333333333333333
0.917
0.9153333333333333333333333333
0.9143333333333333333333333333
0.9126666666666666666666666667
0.9093333333333333333333333333
0.906
0.903
0.902
0.9003333333333333333333333333
0.896
0.893
0.890
0.889
0.8866666666666666666666666667
0.884
0.880
0.8743333333333333333333333333
0.870
0.8686666666666666666666666667
0.868
0.866
0.8636666666666666666666666667
0.8603333333333333333333333333
0.8583333333333333333333333333
0.8533333333333333333333333333
0.8503333333333333333333333333
0.8476666666666666666666666667
0.844
0.839
0.8343333333333333333333333333
0.833
0.833
0.8303333333333333333333333333
0.8273333333333333333333333333
0.8233333333333333333333333333
0.8186666666666666666666666667
0.816
0.8133333333333333333333333333
0.811
0.8066666666666666666666666667
0.802
0.7993333333333333333333333333
0.7963333333333333333333333333
0.7933333333333333333333333333
0.7923333333333333333333333333
0.787
0.7823333333333333333333333333
0.775
0.773
0.770
0.7663333333333333333333333333
0.762
0.758
0.7546666666666666666666666667
0.7513333333333333333333333333
0.7493333333333333333333333333
0.745
0.7423333333333333333333333333
0.7363333333333333333333333333
0.7316666666666666666666666667
0.726
0.7196666666666666666666666667
0.7146666666666666666666666667
0.7083333333333333333333333333
0.7033333333333333333333333333
0.6986666666666666666666666667
0.6936666666666666666666666667
0.6893333333333333333333333333
0.6856666666666666666666666667
0.6796666666666666666666666667
0.6746666666666666666666666667
0.6683333333333333333333333333
0.665
0.6623333333333333333333333333
0.658
0.654
0.647
0.6396666666666666666666666667
0.632
0.6266666666666666666666666667
0.622
0.6163333333333333333333333333
0.6093333333333333333333333333
0.6036666666666666666666666667
0.5966666666666666666666666667
0.5896666666666666666666666667
0.583
0.5763333333333333333333333333
0.572
0.5656666666666666666666666667
0.5626666666666666666666666667
0.556
0.5493333333333333333333333333
0.5386666666666666666666666667
0.5293333333333333333333333333
0.5203333333333333333333333333
0.5143333333333333333333333333
0.5073333333333333333333333333
0.4983333333333333333333333333
0.4896666666666666666666666667
0.481
0.475
0.468
0.461
0.4546666666666666666666666667
0.446
0.437
0.423
0.4136666666666666666666666667
0.404
0.3983333333333333333333333333
0.3873333333333333333333333333
0.3773333333333333333333333333
0.3656666666666666666666666667
0.3556666666666666666666666667
0.345
0.334
0.3213333333333333333333333333
0.3096666666666666666666666667
0.2993333333333333333333333333
0.2896666666666666666666666667
0.2796666666666666666666666667
0.268
0.256
0.2453333333333333333333333333
0.2353333333333333333333333333
0.225
0.2136666666666666666666666667
0.202
0.194
0.185
0.1763333333333333333333333333
0.1676666666666666666666666667
0.1593333333333333333333333333
0.1523333333333333333333333333
0.1436666666666666666666666667
0.1366666666666666666666666667
0.131
0.126
0.1216666666666666666666666667
0.116
0.110
0.1039666666666666666666666667
0.0972
0.0942
0.08953333333333333333333333333
0.08686666666666666666666666667
0.0822
0.08016666666666666666666666667
0.0776
0.0761
0.07013333333333333333333333333
0.0699
0.06703333333333333333333333333
0.06826666666666666666666666667
0.0666
0.06506666666666666666666666667
0.06353333333333333333333333333
0.06006666666666666666666666667
0.05736666666666666666666666667
0.05576666666666666666666666667
0.0566
0.05443333333333333333333333333
0.05436666666666666666666666667
0.04993333333333333333333333333
0.04906666666666666666666666667
0.0452
0.04336666666666666666666666667
0.04276666666666666666666666667
0.04263333333333333333333333333
0.04646666666666666666666666667
0.04476666666666666666666666667
0.04396666666666666666666666667
0.03923333333333333333333333333
0.03963333333333333333333333333
0.0404
0.0403
0.03923333333333333333333333333
0.0369
0.03466666666666666666666666667
0.03393333333333333333333333333
0.03343333333333333333333333333
0.03353333333333333333333333333
0.03226666666666666666666666667
0.03123333333333333333333333333
0.0302
0.02956666666666666666666666667
0.0292
0.0298
0.02726666666666666666666666667
0.0268
0.0251
0.02643333333333333333333333333
0.02516666666666666666666666667
0.02513333333333333333333333333
0.02423333333333333333333333333
0.02273333333333333333333333333
0.0210
0.02186666666666666666666666667
0.02286666666666666666666666667
0.02413333333333333333333333333
0.02333333333333333333333333333
0.02216666666666666666666666667
0.02073333333333333333333333333
0.0205
0.0216
0.02456666666666666666666666667
0.02573333333333333333333333333
0.02553333333333333333333333333
0.02336666666666666666666666667
0.02326666666666666666666666667
0.02346666666666666666666666667
0.0243
0.02313333333333333333333333333
0.0234
0.0211
0.0215
0.02093333333333333333333333333
0.0221
0.02196666666666666666666666667
0.02086666666666666666666666667
0.0205
0.02006666666666666666666666667
0.02023333333333333333333333333
0.02506666666666666666666666667
0.02486666666666666666666666667
0.02403333333333333333333333333
0.01936666666666666666666666667
0.01956666666666666666666666667
0.0191
0.01783333333333333333333333333
0.01666666666666666666666666667
0.0186
0.01976666666666666666666666667
0.0204
0.01913333333333333333333333333
0.01783333333333333333333333333
0.01843333333333333333333333333
0.0187
0.01793333333333333333333333333
0.0180
0.01803333333333333333333333333
0.01813333333333333333333333333
0.01613333333333333333333333333
0.0152
0.01633333333333333333333333333
0.01673333333333333333333333333
0.01836666666666666666666666667
0.01816666666666666666666666667
0.0168
0.0145
0.01546666666666666666666666667
0.01736666666666666666666666667
0.01753333333333333333333333333
0.01706666666666666666666666667
0.01776666666666666666666666667
0.01893333333333333333333333333
0.01833333333333333333333333333
0.01766666666666666666666666667
0.01683333333333333333333333333
0.01593333333333333333333333333
0.01416666666666666666666666667
0.01366666666666666666666666667
0.01406666666666666666666666667
0.0151
0.01536666666666666666666666667
0.01543333333333333333333333333
0.01413333333333333333333333333
0.01553333333333333333333333333
0.0156
0.01843333333333333333333333333
0.01856666666666666666666666667
0.0184
0.01455
0.01295
0.01245
0.01463333333333333333333333333
0.01446666666666666666666666667
0.01373333333333333333333333333
0.01216666666666666666666666667
0.00960
0.01090
0.01100
0.01393333333333333333333333333
0.0126
0.01343333333333333333333333333
0.0119
0.0124
0.01243333333333333333333333333
0.0131
0.0137
0.01376666666666666666666666667
0.0132
0.008166666666666666666666666667
0.003566666666666666666666666667
0
0
0
0
0.01016666666666666666666666667
0.0235
0.03773333333333333333333333333
0.0407
0.03963333333333333333333333333
0.03836666666666666666666666667
0.0368
0.03983333333333333333333333333
0.04543333333333333333333333333
0.0508
